1733	2628
531	534
3663	4391
2632	302
9210	4391
1945	238
1021	2641
990	2620
9571	9571
1363	4623
1021	1363
530	3435
98	5963
531	723
2185	4054
1551	2628
2501	2638
248	405
2102	7357
2647	444
664	2654
533	2371
704	3965
529	7008
1115	2889
1707	325
2642	3227
2629	2635
2109	2341
723	2641
1029	2641
2261	2638
4912	1363
1530	2632
9557	8746
1895	2636
529	1493
1804	2642
724	3441
2619	2703
238	2808
4938	1808
60	2628
723	3670
3623	510
2641	292
2630	2975
5523	3350
9	2839
4855	2641
529	61
1682	3038
1939	2641
2404	2650
1995	2642
902	238
2620	3373
2635	8415
5028	2631
2649	3525
141	2631
2645	3117
1115	1762
861	1667
9557	433
531	725
1345	2641
2628	494
6182	348
723	1682
724	800
533	6663
2641	2651
2442	2641
1363	2081
1385	348
269	3247
2557	2619
1362	448
3266	3271
718	1958
2341	3319
1976	2638
1537	2645
2641	3525
98	3092
2641	4751
1828	2645
2342	3351
98	335
1667	2629
98	2628
1031	2971
711	3306
2344	2638
1288	2631
702	9
2658	2109
2501	2636
2493	406
2630	3357
696	2631
724	942
1783	406
533	1845
2470	2862
536	2680
6868	2635
715	1884
1170	6742
723	4236
9	3271
529	1767
529	9109
812	4391
1112	2497
711	2203
2641	3574
532	1767
1927	3322
1246	2628
5307	2848
1414	3306
536	1926
200	3271
1362	2632
536	1845
2619	425
529	3541
6881	516
1368	2619
718	192
536	2745
1762	1762
7641	3662
1939	2649
723	3884
5523	5523
1060	1667
534	510
723	4355
1335	269
723	3304
2234	510
9152	2638
2627	2745
573	269
2648	4532
533	2848
626	3525
2627	4017
2484	3038
1476	2631
2564	2641
5523	1812
529	2642
238	4341
2468	3535
238	3427
4840	2244
1139	2971
1363	2827
724	1376
953	2974
2619	279
238	4068
74	2627
2652	2652
2643	444
238	6302
99	1682
967	2642
2627	2729
711	941
1362	2628
5251	711
406	9528
902	2646
9398	3038
200	2627
1537	3038
1551	2620
537	4360
99	3566
1838	2619
2641	2656
60	2630
2562	2648
2638	2862
1489	2620
2646	3013
4840	4773
4416	4416
537	2642
5092	3317
536	3005
626	515
98	3572
218	2632
7524	4391
3663	4416
2971	2971
2639	2914
550	2644
349	4378
238	3122
720	745
1704	3271
529	2003
98	1489
3663	4528
9	348
5082	5481
5421	510
1284	2971
1103	1103
8939	2631
5153	2641
4879	529
2642	444
720	3171
59	2630
711	444
2737	9938
532	3525
1682	2646
348	3672
405	9528
529	7817
1041	2636
9883	510
5198	10
3073	3271
1895	2629
1964	2642
2262	2619
2629	4421
1618	2628
3668	4183
251	3271
2643	2971
2630	2630
723	2499
191	2620
2974	510
2619	4138
6794	510
1939	3038
2641	4670
533	3663
1976	2627
2341	2640
2644	3013
1957	4416
535	452
536	2538
1134	3103
694	723
724	3522
1381	2833
723	3465
2619	6756
2404	2634
404	6756
529	4711
4840	1670
1884	3672
179	279
5459	238
529	906
724	3171
573	904
529	5728
3835	510
1616	1616
9	1805
1498	2645
1721	3306
2645	4416
529	7231
877	2643
1833	4528
2633	4682
2629	4446
529	512
1006	510
5258	2620
529	9860
14	8527
529	7917
2628	2647
1363	3103
2989	4023
529	962
533	534
3523	510
2627	2680
2470	3137
2641	2654
139	1808
723	2095
1674	510
531	1884
9652	9652
1434	2641
1197	2641
890	3708
1808	4297
3525	3668
1298	2631
2091	2645
2656	3525
9652	2975
724	959
7169	941
7880	2639
529	5217
1722	3307
723	2758
1972	2404
1021	1808
724	3276
1723	3304
279	2971
664	955
238	2565
1682	4631
1783	2630
2631	2753
156	7185
2562	2645
4090	510
531	2680
1699	2636
3629	510
711	1828
2630	4109
723	1957
1134	1362
3452	3453
533	2650
745	941
724	1511
967	4343
2638	3363
2642	4289
695	2629
711	2091
531	1846
2627	4007
8789	3322
3013	3038
2971	3038
1621	2638
2643	510
529	6667
2053	2619
2498	3350
529	127
1316	2645
1616	1677
5307	9102
2650	510
534	2680
1762	1808
534	1926
4743	4743
529	4196
1537	2648
2538	2642
1804	2649
1828	2646
4922	2636
711	279
5523	2635
4713	510
1414	299
533	1804
141	2630
573	510
2642	3522
1665	3271
274	2619
529	930
2737	3271
1298	2628
723	3696
1362	25
1355	2639
4858	2627
3271	3867
2642	2643
724	3295
9	430
1041	2629
1937	2641
1107	2627
2619	494
2404	3103
5028	2641
2641	4049
5536	2619
7812	510
533	3005
723	4298
1804	2628
2642	432
1699	2628
540	1616
15	2615
1021	2649
941	2631
724	1588
529	334
532	2371
1964	2648
532	723
2124	4778
7976	2640
2562	2627
694	1362
1355	2644
529	3526
2023	3271
8986	2392
529	2538
5370	724
537	99
2639	3692
1333	3826
8114	2638
2620	2753
1445	2629
2341	3202
2635	2636
2619	2886
8627	2971
3038	3092
1884	3306
893	2642
1414	4148
2619	6972
2631	2816
99	9988
3565	510
238	2914
1762	3677
724	2581
723	3259
2344	2631
1362	2620
723	1944
4858	1363
941	987
529	1385
98	3427
529	573
1551	4416
534	1944
269	2914
694	407
2627	3203
1189	3139
7524	3574
1174	2619
6032	2642
719	308
554	3319
534	6661
739	9557
1616	2215
2629	2816
6383	2627
5441	1834
745	1189
1363	156
3478	510
5082	2906
723	2724
8527	4023
2647	2652
2629	2970
532	868
2631	4420
2656	2656
1111	1111
918	98
1808	3672
1248	2631
720	4213
1530	2631
2269	2627
2632	2975
2619	3663
841	3276
573	3528
1699	2629
4840	2404
1808	2889
800	2646
585	4614
2648	2652
9273	3350
2443	2620
532	1926
2818	3319
1344	2737
3525	4036
71	2641
695	2636
3276	4411
533	725
703	9
694	2971
1808	3308
510	517
98	1134
2627	3647
550	9
723	3040
2206	2628
9	425
926	2632
2642	3260
2091	2647
3271	437
1813	510
99	334
723	2478
529	6164
1298	2638
233	4411
9152	2628
1006	1006
534	3525
529	1829
916	510
926	2628
1754	3271
877	1363
955	1170
1926	2620
529	5516
714	714
875	2648
2973	3271
745	2738
784	1957
534	2650
7861	3286
60	2629
3103	10000
531	840
2471	2974
2009	2650
2650	2650
529	1957
2504	7445
1781	510
1682	2642
3318	4391
2816	3271
2745	510
1718	2631
529	4829
2629	2758
529	1769
784	8268
2341	2816
2404	2868
1189	2500
142	2631
1884	3139
724	1829
2585	2619
99	3092
723	2091
1713	510
1362	2631
2504	3543
1445	2628
682	2627
2620	3271
723	1431
2019	2627
3525	4416
1781	2643
3271	424
3668	3668
98	2639
717	3271
2627	3389
238	5834
3271	3907
985	2641
723	3591
695	2647
9591	1681
2641	3514
3162	4411
7967	2341
529	8671
718	911
2627	2816
1445	2636
2636	2758
3350	437
2627	4192
9	3898
723	1934
718	3171
2632	3662
1189	2619
4840	283
529	2442
723	1162
529	3428
2448	2452
325	348
176	2638
1189	2973
78	2620
534	840
1480	510
3590	3590
1029	2647
529	8974
2627	8559
529	1630
2636	3673
98	2816
2619	291
533	1926
529	1647
1021	2643
2629	462
531	1926
1298	2629
4912	694
1181	2628
724	1725
1551	2627
723	400
4840	1972
2631	3443
98	4109
5386	4416
2616	422
529	9141
573	98
4840	1485
59	2636
534	1021
723	98
407	4109
5202	2974
1414	2889
529	7554
4840	1551
61	2631
1622	1808
724	210
1029	2642
1845	2974
2484	2641
529	1495
1284	4411
2643	3525
2478	2635
529	8020
8346	2635
664	2053
947	9300
724	2758
626	3668
2636	2636
534	2795
2619	2680
536	1898
724	2724
1939	2642
98	3044
2404	2651
3701	4751
5006	941
99	283
2619	3103
9152	2642
536	2650
9389	2636
142	2630
537	711
1345	2642
2443	2629
532	385
5867	515
2619	2721
725	510
279	4411
2470	436
14	2616
711	2109
534	3663
1021	2619
2645	3013
1828	2644
1189	1762
2341	279
1939	2644
773	510
2737	2737
1667	2630
98	2627
1718	2628
711	3307
1288	2632
3322	6881
5147	1111
5117	3271
2493	407
2191	3654
209	2641
2341	3663
1189	299
664	957
1781	2649
1021	2341
1783	405
2640	3561
533	1846
531	2341
4114	510
2629	3663
269	311
2641	4083
711	1036
724	1964
9652	4416
2394	2394
8888	2636
98	1977
2646	292
2642	2651
1414	3309
5082	2341
531	1725
900	127
536	1846
529	1129
1363	4411
1414	251
2631	2758
2644	3525
1722	3304
177	3271
2619	4396
1939	2646
5533	904
2639	9856
7974	510
1363	4235
2642	3859
529	9035
2645	3398
720	2615
1783	2636
2484	2643
1112	1112
2620	3871
2627	465
9152	2636
723	415
1111	4588
99	2056
1627	2629
529	8190
664	2859
529	7375
1963	2644
1139	2972
800	4416
4840	1134
1197	1976
529	448
2641	425
529	2927
5244	784
2501	2627
98	3679
2647	3525
529	1674
2245	269
1355	1363
967	2641
3708	3708
1103	2406
2627	4446
2378	2619
2234	2234
723	334
2649	3227
1667	437
724	430
1489	2619
8627	2974
1139	2341
99	9398
585	4281
1939	2645
5440	2627
2620	3647
2504	9878
3271	5746
2641	296
941	2497
98	177
1808	475
531	127
2091	2642
3408	406
562	2635
4900	3319
4416	517
2630	409
724	1021
550	2645
2425	2619
3993	3993
1901	6898
718	8214
719	3525
1064	269
5057	3271
7806	2636
711	3640
941	2638
194	2906
4963	4963
529	8975
1145	1145
533	840
783	4411
1618	2632
59	2629
1808	2648
529	7020
529	8205
2972	3322
2307	2631
8313	3326
2261	2628
3315	510
985	98
4944	238
711	877
1895	2630
1964	2641
695	2628
2629	4420
1808	465
1072	3271
2632	345
773	3271
724	725
191	2619
1363	291
3271	3662
2636	4421
704	3319
529	1804
1189	463
536	9109
718	3209
2203	2642
1376	3359
724	401
1667	1667
2081	2394
529	723
2443	2636
1895	2628
2627	4200
955	238
724	2477
2619	4811
2970	2971
2646	444
2645	3247
573	9763
5038	1703
745	3271
1725	510
2404	2633
1707	1808
723	4341
1072	6362
2647	4289
972	2619
2640	3575
724	1605
724	2543
531	5294
1702	2627
98	9348
1721	3590
1725	2647
2641	2643
8182	3322
724	4103
1707	7011
739	2341
5258	2619
2261	510
5440	2630
723	2481
724	2478
718	521
869	1363
7540	2641
7157	3319
1288	2628
2102	2636
9878	510
2630	3306
2271	2973
2642	412
723	2297
996	996
164	2630
3319	3525
9652	2974
2970	2974
279	2816
269	3122
2638	4421
2199	2648
98	1021
4416	516
5092	99
976	510
4840	1135
1976	3117
783	8313
529	8531
2206	2631
1368	2627
510	515
723	3276
98	4778
529	7332
783	783
1783	2629
533	2341
2631	2752
7727	510
2644	292
2859	3321
745	1362
2562	2644
2619	2989
1972	2650
3322	9233
2504	2821
723	409
2972	3566
2619	3276
3522	510
573	664
8205	2341
8859	3271
2642	4083
444	510
1135	3103
529	443
537	2470
162	510
74	2632
532	9
1363	447
723	158
1682	2615
941	3649
711	2781
695	2630
238	3908
531	1845
5005	1334
836	1189
719	790
711	3525
2628	3073
98	4249
1381	1381
4840	177
9599	2619
2431	2906
6756	6881
529	2371
2627	2635
1104	1104
1134	1363
2627	3691
720	3525
1808	2646
1537	2649
1748	2619
2538	2641
529	704
2307	2628
164	2648
573	4768
2627	3000
1788	2627
3271	3557
3322	4411
4916	4155
141	2629
2628	2975
2647	517
2648	3525
1362	291
724	3408
2636	302
1928	3322
1347	3271
723	2097
2658	784
723	1152
1718	2636
5533	962
985	4023
1041	2630
1937	2642
9251	2646
2261	2504
5293	510
2643	3710
2341	335
1781	2650
626	444
1845	2631
723	3268
2656	2973
6871	269
724	519
1699	2627
2341	2434
1021	2648
2648	3398
1884	2498
724	1321
9144	1189
4840	334
2124	2816
972	9
1667	2627
2146	2638
1829	510
8986	2394
2638	3211
1197	3271
99	1141
8986	1722
529	1949
1846	2638
1246	2632
711	1833
1722	7731
941	3309
8002	510
99	1064
1445	2631
1713	2619
2627	3276
2109	2641
585	745
1964	2649
4840	985
2636	3073
2443	2638
783	1945
1476	2619
2631	3211
1682	4528
529	2735
2198	2341
711	1682
535	1900
2642	3275
532	1804
7892	510
9652	2615
585	1616
2640	3647
538	3271
117	2619
1808	2629
532	5461
877	2648
695	2642
4840	664
2646	3398
334	510
529	1134
2906	6345
2974	4068
1616	2212
2645	2971
531	2795
2616	3372
1733	2627
2620	3663
2341	3878
99	2816
2642	3357
3271	3306
3209	3350
1735	2619
724	14
1725	2635
9	3672
585	2214
2631	4421
723	745
8189	510
99	2745
61	2636
1248	2632
696	2636
4083	4416
683	10000
1115	3306
532	9860
4840	5662
2269	2628
4963	3672
1699	2630
2629	4109
1041	2638
1781	2644
9652	510
2619	3956
3322	4778
723	8190
2631	302
5282	5282
954	1334
529	8005
2630	3691
723	4267
1355	2641
1781	3038
585	1135
630	2631
723	233
9557	3124
529	2866
2635	3492
4840	9348
2638	2816
2645	3092
2642	409
877	1970
4335	4335
534	9
2091	2646
941	2627
536	3525
8345	2404
2658	2906
2628	302
2645	4309
992	992
985	8527
5915	4391
533	5294
711	3117
926	2627
529	2848
2269	2632
2638	2638
1362	2109
1718	2630
2629	3408
718	2681
2641	4202
1995	2619
1884	7926
7340	2627
695	3668
529	3383
1189	505
1682	2641
1718	2629
529	9004
2620	7971
723	800
3117	3350
1363	4593
2631	4109
2619	3575
98	3373
2585	2620
9152	2631
585	4090
2620	3319
2620	391
4858	2619
550	2620
2630	3142
2642	3092
1677	2639
529	4231
98	3997
941	400
2615	8666
2203	2972
5307	3103
2615	6756
250	2619
2504	3427
78	1332
2645	2831
1618	2638
1808	3117
724	452
1363	2249
3502	510
1808	2647
1846	2630
5943	3525
2619	2626
2102	2627
2632	462
745	98
5449	510
2620	3670
2404	2404
2632	3663
1091	1189
1498	2648
2636	409
2629	3703
723	1376
98	7892
724	1552
529	7793
2619	2868
7641	2053
724	3247
1189	168
8070	2615
723	1284
2645	4532
78	2619
2638	3522
3372	3372
4840	4751
1029	2648
2642	3710
2638	3247
774	2631
2627	3113
1808	2636
694	406
2630	3363
724	2741
2243	2642
724	7801
3359	3525
529	2565
2629	2729
711	967
763	1616
3453	3453
1551	2629
1895	2906
3103	9988
529	8355
536	536
3679	510
1114	1114
2636	6874
99	5662
2647	2651
529	8717
3566	4411
2632	2753
2493	2619
1670	3306
1363	2631
5591	2619
947	2641
536	3271
2615	4134
918	99
1022	2971
529	2996
2468	2473
8086	2632
532	6972
1845	2975
1805	2620
1682	2628
1884	2629
5536	2620
533	2795
2631	3663
976	1103
2484	2642
724	1492
1722	4282
98	1972
1722	3937
2009	3092
9348	2974
99	3679
2644	3398
941	2745
2925	2925
606	2745
1041	2646
9	1414
1884	251
536	1767
724	399
585	4010
2504	4114
9	154
717	3701
529	3351
2341	2641
2443	2630
2638	3408
9190	2641
1362	1725
2972	3162
1021	4411
2635	3271
141	2638
9389	9988
3038	4416
2747	3372
5523	2009
827	510
4912	8140
5523	6874
78	1331
2469	2469
529	9386
5461	2619
2738	2738
536	725
1021	2620
2053	2636
967	4241
1718	2627
1944	3319
702	10
723	1010
783	2971
529	1725
1076	510
1363	168
947	2973
209	2642
696	2630
2642	3249
718	156
2056	2056
2889	3271
2223	2619
1362	2095
2632	2816
1976	2631
538	2641
9210	510
4095	511
5403	720
4840	2009
2632	3271
1969	2650
4844	9
4840	2014
529	59
2642	2650
162	2504
3472	3472
2649	444
9652	2973
2652	3038
1363	1363
2498	3271
1677	2645
1722	3305
5372	723
718	9724
723	2103
2214	3103
1700	2404
1041	3271
529	9545
1939	2647
2615	4285
238	6665
529	534
98	2831
2647	3092
1682	2636
1189	8539
1846	510
3271	431
1476	2630
9131	2504
2627	464
724	1933
1481	510
9652	2616
2648	2654
2620	4811
1723	2500
1139	2973
3599	510
803	510
1884	299
98	2244
529	2926
724	309
2501	2628
2642	3574
529	3340
1924	510
9	3708
976	1111
4912	1135
536	127
724	233
1804	2341
2636	3211
5282	7938
719	745
5005	4049
7169	1808
1804	510
664	2971
1772	2615
861	1616
534	1767
1616	1682
537	784
4851	973
2629	9982
1808	2406
3408	405
238	334
2636	3662
2619	3268
711	2651
2650	3372
60	2619
9598	2504
248	407
275	275
1161	2620
1284	2973
8939	2630
529	7490
723	3008
1618	2631
1189	1713
1722	2341
59	2631
532	1963
9274	3271
2504	4226
1833	2906
2632	2635
4840	694
745	2645
1896	2971
1041	269
1181	238
1181	2639
695	2627
99	2724
1363	345
5382	2619
3663	407
2630	2635
99	4050
1170	2974
2641	8415
1604	2404
2630	4192
724	2585
2642	4751
2906	3662
2203	2641
1808	2587
2109	2646
1363	1926
626	2261
2341	4375
98	1064
1895	2627
2341	9528
1723	3310
723	4344
973	4696
573	2839
534	6663
724	3000
724	1489
1363	1493
1828	2643
1072	2244
1031	2619
530	9109
2620	2825
783	4107
529	8008
2649	2971
2557	2620
4324	510
585	2861
3528	510
1970	2619
800	2649
533	2839
9039	510
8818	3706
880	2619
2642	8415
1363	2724
1957	238
1808	2644
2620	4100
2650	2651
5028	724
723	3522
723	2333
8220	4360
1288	2627
1537	406
2816	4202
2914	510
1616	4010
531	3525
723	517
2639	3525
7239	2635
723	2585
2261	2627
1838	2615
723	207
1363	2095
2501	2632
711	1808
4401	510
529	3212
1256	1722
723	6554
533	9109
98	2014
2619	3319
1783	2975
1355	2646
3679	6881
1363	2109
534	5294
3308	3350
529	3599
1808	2643
941	1004
2619	3457
4154	4154
5533	9198
2628	4421
783	784
1700	3271
1783	2631
1682	2629
711	8450
711	3227
529	3398
707	711
2620	2816
2615	2617
1161	2644
98	2577
2619	3044
4840	1416
1667	2631
2641	2655
8939	7239
2630	494
98	1345
2620	2625
779	3271
2632	279
774	2629
98	3134
311	510
2643	2649
536	1900
1053	2628
5092	9189
2638	462
2640	2883
2452	2786
529	3005
1682	2616
529	8255
3663	510
529	9061
529	8011
2615	422
1414	1762
2269	2631
630	2636
2215	2971
1642	510
533	2745
694	405
2627	2756
2619	2729
59	2627
2641	4036
98	2626
812	4528
1029	2649
5398	723
2641	3308
2636	345
533	127
2650	2816
2641	3466
2307	2627
723	8770
5486	3319
2738	3309
1621	2629
536	773
335	335
1245	2638
550	2619
718	3707
1884	3350
720	2202
718	1134
2307	2636
1227	2641
2638	2975
9	510
1189	2498
9571	1725
9273	3708
529	3583
718	1492
2639	3696
1290	2630
2504	3321
2261	2632
78	99
2629	3271
3579	6881
724	516
98	2056
711	962
941	2630
2394	3117
717	2619
723	2773
4840	335
2392	2394
2628	3443
3271	4704
98	1141
9409	3271
4912	1970
3112	3271
529	1944
5149	5549
782	1170
724	3591
1943	2642
3322	3322
6756	4023
3038	3038
529	2285
2404	2974
2109	2642
5005	900
2504	518
2109	2647
2615	3525
5533	5533
2053	2906
529	4642
626	1725
2381	2641
238	2846
1808	2645
900	6168
723	1963
1670	8551
1976	2737
892	2642
2642	3274
238	7551
2642	395
1362	2481
9132	1363
529	9052
2658	783
2344	2630
2381	2619
2628	2753
2631	494
1115	1115
724	1284
2630	3522
7884	4778
5244	8313
536	9
99	1021
9804	510
238	7535
1030	2647
1740	2627
664	510
877	2647
531	1767
2629	2745
1682	2644
9988	9988
695	2641
1021	2645
164	2636
723	4614
723	3441
723	465
2202	2647
98	98
1537	4416
985	238
947	2656
2341	2650
664	2651
532	3005
1884	4751
99	335
99	4778
2627	2630
2646	3710
99	279
7681	3276
630	2638
1808	3648
2632	494
1704	2737
6908	269
2647	2654
1899	2641
1735	2620
840	900
585	2213
723	1054
2619	3707
532	2581
585	2862
2619	4670
98	1483
8086	2631
532	2341
1170	3103
3306	3701
711	3013
8313	8313
536	840
1111	2497
1530	2630
3038	3710
1363	1537
2638	4420
1804	2644
2636	3443
1957	2504
2392	3117
2641	3566
2641	3092
2642	3304
3319	5880
2206	2632
2649	3013
2641	3249
2641	395
1767	510
5028	2632
2650	3092
1355	2642
630	2629
718	720
529	1900
2641	2862
3597	510
3038	3525
2500	3271
2339	510
2091	2649
941	2628
3103	335
2636	2745
531	3663
164	510
4302	510
2014	2645
2095	2641
2643	2645
833	2644
723	7801
218	2627
4416	4568
2647	2655
1923	2619
1189	437
5225	1363
1621	2636
1884	424
2003	510
724	2442
5351	2646
1781	2646
2426	2616
968	2645
9	238
723	4201
1884	2889
1976	2636
529	2839
2629	2756
573	1066
550	2973
2619	3871
1117	3271
9152	2632
2244	2627
2620	3707
529	517
529	9658
1362	2630
1363	515
2619	2619
1723	8492
532	2244
711	2643
4840	3566
529	1651
8289	2620
9591	2862
164	2632
717	2758
529	9256
250	2620
1363	2971
723	1788
2627	4109
529	7831
3350	3350
5496	724
162	4391
1846	2629
8086	2628
1552	2639
2213	4281
2619	2625
5370	723
2102	2628
711	1029
532	773
4840	2425
238	2581
1722	1722
2627	3363
5082	3986
724	3696
1363	1957
720	2681
534	2745
2642	3398
1189	2889
238	6908
1642	2642
2615	3322
3271	4257
2627	345
1681	4631
2647	3013
1884	506
1248	2620
1781	405
5193	2619
1363	3202
573	515
98	2497
840	2627
1900	2641
6111	1189
529	1481
562	1833
1551	2630
1021	2972
2631	3073
9634	510
2658	723
5307	388
585	99
2341	3351
4411	4411
724	7407
5388	723
694	718
2404	3271
2493	2620
2628	3363
2642	292
723	7407
711	446
98	8627
1115	2737
1833	3986
1053	2636
1029	2643
1682	2627
4840	1826
1958	510
532	1846
3575	4041
4951	9
3271	4225
2630	3408
2641	335
2619	7971
2276	3471
2643	292
2971	4411
5092	9
5081	3103
5522	1363
719	2202
2342	2342
532	5294
1363	1860
724	1537
404	4023
2628	3408
2102	2629
156	2619
1284	2620
529	3525
529	9554
2971	3276
1604	1604
1826	3103
1246	4528
2557	2639
2630	9528
724	279
529	7063
976	3271
4951	723
529	6778
10	2394
2868	3306
2630	302
1670	1670
3271	4280
2479	2627
177	2645
2619	6020
955	510
2426	2627
723	3672
1053	2638
141	2619
711	4309
98	9988
550	4411
724	3884
4927	723
723	1418
985	2629
696	2629
1845	2628
1041	238
2223	2620
1189	2239
694	2635
774	2638
2146	2632
2627	367
1808	4751
9	2214
4851	3372
532	725
2638	345
531	3701
985	2616
3701	4148
9652	2972
2635	2635
532	1416
1616	4281
14	2619
1445	2630
529	1846
1189	1923
1197	1667
2639	5856
98	6824
8986	2642
723	2684
2627	3357
529	7001
2870	510
4840	4688
723	3509
4335	510
1604	3271
723	516
2627	3408
4840	1170
896	510
98	2468
9283	1808
142	3271
99	4751
1476	2629
711	3710
1363	1943
3902	510
724	2481
1616	2627
1554	3271
5202	98
2641	2652
534	9109
8346	2627
98	7640
8086	2641
1332	1332
3322	4285
5244	2615
724	308
1363	448
1884	2239
7919	2865
9	1725
1845	2638
745	2619
1723	1723
534	2833
529	3929
533	9
723	419
723	793
60	2632
2504	3663
711	3898
774	2636
1139	407
900	900
2627	2752
9152	2619
537	2644
1964	2619
2645	292
1772	2616
550	407
269	3525
973	2627
2631	3408
723	955
1812	3708
2655	4155
711	2650
5403	719
2619	3420
407	9528
269	6667
99	1670
99	1170
60	2620
2642	4829
2283	510
1161	2619
1804	3038
529	8220
98	1647
538	4411
4840	78
7917	510
1284	2972
2619	4100
723	510
532	3351
1498	510
2307	2630
1053	2629
745	1006
5081	2619
1652	4391
2680	510
4851	2635
2628	345
1616	2861
550	2648
529	4705
238	8518
1895	2631
7374	3322
1616	4090
1145	3117
2145	2641
2862	4631
529	4713
573	5867
1170	2975
5277	718
1298	2636
1884	1923
2971	3322
926	2638
3319	516
99	8886
2628	409
432	510
1884	505
1944	3929
2906	3663
804	2638
532	1021
1616	2862
1006	7099
530	1725
2970	2973
2641	3227
694	269
7731	2738
99	3707
2641	2966
723	2573
8303	3965
3274	510
2148	510
4912	2404
1537	2641
8303	2971
869	3965
941	3271
3038	444
1701	2627
2342	2816
1858	2619
2628	2758
238	4010
724	3597
755	2619
723	2681
1570	2636
1808	2498
880	2620
2244	2616
724	745
2009	2652
538	9
529	5473
533	538
723	4062
1808	1812
269	4642
2627	3575
5022	3271
8201	510
973	3322
1537	405
5719	510
2648	3092
2737	2906
836	3271
1189	4751
2647	3227
1139	510
2484	2647
164	2631
1722	2642
2619	4247
2620	3464
1355	2647
723	401
1246	2638
1722	3310
2619	8570
61	2638
529	1498
536	1021
532	3487
1808	3662
5166	510
529	976
349	510
2378	2627
2206	2630
141	2636
3271	3304
573	99
2643	4416
711	1804
1957	269
2628	4420
5159	3319
972	3271
1884	1930
8338	1808
4935	2641
2426	2615
1161	2645
529	347
1362	2638
26	2627
238	3692
976	2341
2272	2371
1976	2629
2620	2626
2651	335
2504	444
2643	2648
1808	3266
2648	3117
2271	2971
83	3271
2650	335
6497	3271
695	2631
2428	2620
3092	3092
1808	3305
1112	2973
2724	2906
59	2628
926	2631
2645	444
529	4825
723	1605
99	337
3525	3965
536	2795
723	4642
1551	2636
5533	334
550	2643
1332	3209
3001	3271
529	9883
532	2650
2627	292
4855	2642
711	3162
1621	2630
2749	3271
2467	510
1667	399
1363	4704
4856	3708
3038	3398
2480	2619
529	7812
2371	510
1041	2631
1701	2619
968	2648
1227	2642
2342	3663
2484	4049
1445	2638
2212	2619
4936	2619
1476	2636
724	1010
1845	2630
9	2904
1834	4528
1525	2627
529	7089
724	3465
2627	4044
4840	585
778	3271
2649	447
4226	510
941	2629
941	2081
5403	718
2629	409
2091	2644
142	2632
724	3670
2619	3533
98	1682
2504	7540
4851	2615
2636	4446
2640	2640
4840	1682
1944	269
1943	2641
404	4696
2647	4532
1964	2647
2109	2648
2641	4829
1072	1072
5351	711
238	3965
529	2966
531	2650
5299	7938
1762	1884
724	1554
99	425
711	420
892	2641
238	2639
2789	407
2971	3997
723	3000
2644	2971
2344	2629
1884	4148
538	2615
2381	2620
1021	510
4889	238
2471	2471
54	406
9988	4810
2644	3227
723	2523
723	299
723	1492
2650	4281
2109	3038
1884	348
5082	2627
4851	8346
1667	2749
5486	724
1021	2644
1858	2620
218	2636
98	1362
235	2973
5092	4335
1135	1616
1142	1189
164	2638
533	549
664	2650
2632	2758
718	3525
1363	2190
1667	2473
2643	4216
2262	2620
549	1363
1731	3271
2500	2627
7733	2786
1788	3271
532	2577
2738	2781
2616	2816
534	773
724	3209
1530	2629
98	8729
529	1496
2577	510
1699	2631
1804	2645
2642	2796
529	2557
2797	510
995	995
2395	2404
9283	1884
2641	3274
534	2848
1884	1884
5426	8926
529	7867
1115	4751
723	1725
1112	3304
179	3271
630	2630
2627	3262
573	3525
1053	2630
2342	398
2636	2816
1670	6527
1924	8789
1846	2636
1196	2639
2641	3522
955	2642
1895	2638
98	283
98	4773
78	1333
538	724
98	337
2724	3322
2643	2644
218	2628
724	299
191	2640
723	1115
5082	941
694	2620
534	725
5028	723
723	3699
605	2745
717	1189
2619	395
5082	784
549	2642
573	2597
2640	4086
812	2906
2109	2620
9430	2974
2146	2631
2627	3670
723	9809
2638	9528
2620	2886
550	2972
711	2199
2627	2862
8086	2627
2619	3202
9102	9102
9	472
529	557
2645	4414
349	514
2580	2627
1362	2629
1161	2648
723	1321
9671	510
4023	4101
1104	299
2973	3322
1616	2504
5372	724
8289	2619
2642	4416
1667	2628
723	3400
7993	510
941	2636
1189	7150
337	4416
1363	2972
702	1604
3271	4825
4670	510
1826	98
1846	2631
941	1197
2330	2341
1677	4631
724	3289
5130	711
269	9982
2645	3707
1363	3661
2102	2632
2562	2642
2619	2839
9	2808
2630	2758
723	1588
98	8334
348	348
1103	2272
2636	3663
2205	2620
2330	2627
965	2341
664	98
4840	1064
1713	2641
529	1381
724	3040
535	1898
1788	2641
531	2745
6898	3400
4386	4386
1642	2641
718	1860
986	2404
2081	3271
2344	2636
536	2564
2648	2655
1107	2620
723	1933
941	3304
774	2630
2627	2758
2629	494
2475	510
529	1196
1373	2627
2631	462
2619	3667
10	10
834	1189
1781	406
2641	4602
531	334
1652	510
1363	3274
2639	3276
218	2629
537	2646
723	430
562	1834
1021	2973
3408	407
2638	409
1805	2619
529	3137
2635	279
1139	4411
2795	510
1816	238
3276	4416
4912	1416
1899	2642
1021	3271
8267	4391
99	1345
529	3768
529	840
1363	2630
1036	2642
9	1976
2889	3701
2974	6769
534	2341
536	3339
7967	4095
2619	2862
2636	2750
5086	2192
1530	2636
532	1845
1964	2645
2428	2619
2596	2615
2198	2620
529	6663
531	3351
2620	2750
4	2619
1445	3271
723	3149
954	2627
2395	2397
664	3662
98	1958
510	4781
2095	2816
1284	2619
156	2620
1189	251
724	1417
2443	2631
2504	5880
711	2750
2646	447
529	1021
711	1963
2125	2906
711	1258
8086	2642
1363	25
8086	2630
2737	2781
538	3103
1552	2619
723	2824
3964	3964
1721	3310
1667	2632
3209	3271
531	2371
1808	2627
529	833
350	3574
2789	406
784	9528
694	9557
98	3286
2504	3679
1845	2627
1414	3672
532	745
1189	4070
2504	4670
1072	2737
1976	2630
5294	510
833	405
622	1333
78	98
3271	4050
1362	1362
2192	2192
723	2442
2630	2816
1828	3038
2642	2652
141	7357
9652	2971
1362	2636
723	3247
941	2889
98	2966
10	1338
529	3663
534	1804
529	1845
2641	4411
8986	2641
783	2972
2615	2816
783	3525
536	3663
1360	510
783	2641
2620	9528
2647	4416
626	3522
2638	283
1783	2627
1362	2619
1030	2642
2862	4267
2641	3615
746	2627
8086	2629
325	5992
3319	3319
1682	2504
724	2231
2645	3227
9660	510
1707	8492
723	2543
9	1884
718	3661
694	7220
529	3432
3317	3317
1139	405
664	2504
2380	2619
900	3209
529	3696
2269	2638
1139	2619
4387	510
2504	3940
9	4068
941	2646
529	3579
890	3350
2641	444
1363	1878
585	3898
4851	8939
537	2645
926	2636
720	156
995	3001
1248	2619
117	2620
1006	2515
8270	510
2636	2729
2619	3657
1808	480
711	1355
529	7355
5005	3271
1689	2620
2425	2616
2629	345
2214	2973
626	517
3350	348
2619	3373
723	3285
1066	269
529	2623
723	14
1246	4391
1618	2630
1667	2587
2648	3227
723	2741
1041	2632
2972	3525
99	2626
2212	2627
9590	2640
2630	4420
550	2649
962	510
9671	2504
1895	2632
2656	510
723	2407
718	1595
5028	2638
538	2972
127	510
724	1642
7641	7641
1021	2971
941	401
9598	4391
398	510
529	9219
531	2839
1189	461
532	719
720	521
529	3863
1414	4751
724	3525
696	2627
719	156
1971	1971
888	2642
2053	3321
3701	3701
2862	404
1445	2632
705	2641
2644	444
1537	2642
2493	2627
8666	2971
2859	2906
533	2261
954	4049
955	3965
1957	2470
723	7662
1498	2642
694	4411
3319	4713
2472	2472
1332	3525
538	4360
269	3908
2619	391
1667	3117
585	1677
804	2629
723	3679
563	407
2199	2642
99	1134
5594	510
8394	2974
1363	9926
2642	4411
2627	4828
2636	2859
2649	3710
1090	1884
533	537
1964	3038
2648	2971
2642	313
723	2094
529	957
1530	2628
99	3662
723	519
1838	2620
7884	3956
5320	723
723	3481
3271	3667
2619	3464
1189	1189
3350	3593
723	4
1021	2974
2484	2648
1722	2641
1699	2638
5177	723
4840	2805
1355	2648
1928	2632
2565	2642
2620	3018
531	9109
745	2504
534	3005
2206	2629
745	2635
1723	3308
1362	1537
711	2971
2973	3162
812	2619
173	2627
2630	462
550	1363
585	696
941	2500
1029	2645
745	1363
98	425
2627	3657
531	2847
3350	3677
218	2630
723	3835
2642	2833
98	3317
2628	3522
2645	3306
2645	3898
2643	2647
1831	2639
723	3521
74	2630
1363	1995
168	510
695	2632
2582	2615
2627	3652
5486	723
2470	4498
59	2619
2504	3528
1393	191
585	2212
2635	2638
533	723
2394	3271
10	429
3271	6154
926	2629
981	3271
3271	4148
2214	4631
3271	3309
529	6162
2619	3898
1347	1414
2737	39
550	2641
2538	2639
532	238
164	2647
1288	2636
7641	2859
529	5278
9	8511
2451	2788
537	2641
1969	4155
2619	412
8323	3271
531	773
292	3038
2642	3525
1363	2581
947	4510
1189	506
1682	2645
5251	510
719	1957
2628	4446
529	2650
4010	4631
2628	462
141	2627
968	2647
1363	2862
985	99
2642	398
2632	4109
2615	3647
1746	2627
238	5856
6776	2504
2823	510
2212	2620
1781	2647
4840	1345
1718	2638
529	5074
723	1489
2627	6992
529	3916
8140	3103
1707	2497
5351	2641
2008	3965
563	1833
1838	4023
2641	6081
2498	348
1079	269
2632	9982
573	1958
269	2809
9591	1677
531	1900
9	1338
973	7720
2198	2342
2619	6945
529	1946
1246	2630
9	3317
1363	2212
1804	2643
2407	2619
4912	1134
1972	3092
723	2647
711	1919
532	704
2109	2643
1964	2646
779	1808
2109	2649
724	4616
559	2620
2615	6881
1887	2627
529	803
1363	2650
941	2835
723	308
98	5662
2648	292
723	3691
2124	2636
98	3653
529	2257
7804	4391
54	405
3318	3318
1446	3271
1884	472
1135	2641
1725	3668
573	517
723	3289
1498	2629
2641	2974
2091	3038
1161	2642
98	8070
98	1957
531	1804
4840	3679
2620	4086
532	3271
3372	4696
531	549
98	1363
723	399
235	2972
1667	2214
3350	3942
533	1021
2206	2636
529	398
976	2641
529	3615
2640	3709
9652	2646
1781	2629
711	1537
98	2868
723	8214
99	161
694	711
2630	3443
1699	2632
99	2805
6881	6881
774	2627
1385	3271
724	4062
2641	3275
2203	2645
2640	9528
1355	2643
1811	2620
696	404
2394	2473
2443	2632
1812	3587
98	9258
529	3435
4913	238
529	529
8666	510
711	177
5533	3696
2638	4109
1170	2615
9	437
2597	2619
536	3351
9541	2341
10	1821
529	6198
5299	3209
529	3410
529	2847
2269	2630
2629	3073
1288	2629
724	1054
6591	3271
563	406
1014	2641
238	7880
238	8725
1219	3271
694	2619
2808	510
1414	1414
724	2214
784	784
534	3351
2341	4087
529	4387
549	2641
711	4049
711	2562
1362	4235
804	2630
139	3271
529	9771
2109	2619
696	2638
1189	2394
1363	446
1363	4592
550	2971
2341	3322
1884	2585
720	308
1101	510
2638	2753
1161	2649
1860	7185
2619	2750
718	2619
4379	510
534	1845
537	2643
529	3679
2642	3615
1363	2973
2645	3318
559	2619
5496	723
1616	3271
3271	430
529	6469
2620	3533
98	1225
1115	251
269	3692
1762	3701
2562	2641
1161	2641
2643	3013
664	694
1363	3319
804	9
1616	3103
9658	510
2205	2619
7924	2641
98	2745
724	3509
1783	4023
9189	3319
1639	3590
1476	2627
7307	279
953	2971
7131	9
4889	269
269	9932
2619	3816
5533	2639
98	8886
2658	3806
877	2649
1107	2619
2562	2647
629	3271
534	534
9152	2627
8037	8037
711	3943
2124	510
2504	3209
720	3202
694	404
4051	4051
1781	407
538	9610
723	3295
1145	3271
694	4267
711	1939
218	2631
537	2647
1551	2635
529	6791
2627	2731
5326	2276
9	1958
2641	6140
3321	3662
2627	3522
238	8739
724	3672
723	1511
723	8201
1248	2638
164	2645
279	510
2562	3038
2394	2752
711	4416
7913	3400
973	1363
1804	2620
1964	510
5588	5588
3425	3425
723	725
2103	2638
1682	2649
1525	2619
538	3701
238	4684
2631	4446
8140	2619
2628	2729
5086	2191
1964	2644
269	5831
1970	2620
529	7271
4840	918
1781	2642
141	3271
2630	3663
59	4528
98	4688
2395	2398
1808	251
8619	711
1667	4090
9590	2906
99	2014
141	2620
724	2091
5533	517
142	2628
724	1418
2404	2619
4840	161
529	1895
589	2341
9	2813
1029	3038
2658	4391
5278	2504
2620	3103
2443	2628
2204	2619
724	1608
2404	2971
2109	2644
1189	3117
1363	2128
724	1934
723	431
534	1805
1808	2641
2628	7015
238	3771
2643	2643
534	334
98	8303
1489	4049
529	5719
2789	405
723	3657
94	2627
1189	465
529	9462
98	3707
9610	3351
529	1574
2638	3691
2650	2654
2619	2753
718	8321
694	2630
1362	3525
833	406
941	4359
784	2906
1707	1707
1812	3350
4840	4109
2642	2655
1343	1722
2501	2630
2580	2619
534	902
985	2627
1170	6824
98	3584
9	8609
1722	3308
9	1722
4856	1808
664	4281
59	2638
8267	3319
783	2973
1976	1976
9	2511
299	3707
1995	2620
405	4109
8201	2645
2641	3013
1115	2500
2971	3566
1114	2497
1248	2636
2647	4036
1530	2627
1030	2641
1161	2643
2642	3247
2627	2627
117	2641
868	3965
2564	2645
5081	1362
2638	3322
1804	404
976	2635
723	4103
2451	2451
538	2642
74	2636
164	2627
1139	406
804	2632
9004	2642
7698	510
985	404
1995	2641
941	1343
529	5294
532	2795
1161	2973
3113	3350
2647	292
2619	3018
1783	2638
2649	4416
1667	313
2620	335
5244	783
2645	294
537	1363
4840	2724
1838	2616
3096	3271
8093	1362
2504	7356
4979	2504
529	7747
5375	2627
2425	2615
2619	3271
2276	2276
711	2652
2627	4420
2650	3373
1804	2646
1828	2649
2636	462
2868	2868
99	1485
2647	2971
98	8140
941	2641
141	2632
877	2646
2633	2633
1618	2629
4851	4023
59	2632
9	3521
2973	3566
724	3481
1896	2974
4851	2633
2630	4421
550	2646
238	6677
1895	2633
532	127
538	2973
985	2615
1168	2724
2630	3073
5293	2641
711	1041
2973	3306
529	9867
2214	2656
1363	2974
594	7727
532	718
98	238
902	1363
1144	1144
9283	3271
536	723
2641	3247
1385	2640
696	2628
1258	2630
1698	2630
1246	2636
2404	2630
888	2641
723	1476
723	1884
3271	385
534	2557
682	950
98	279
711	3092
2629	3211
973	8939
5351	2649
1808	3038
1970	3103
1828	2641
2480	3271
99	4773
8527	407
1721	3305
1834	3986
98	3808
98	161
529	2783
7357	7357
238	8246
9	2688
529	7241
1866	4416
4840	3707
534	2839
99	1135
3701	437
8394	2975
99	1551
3117	3271
9485	2619
2636	9982
2620	2680
1072	3209
5217	510
2642	3373
2341	2439
4855	2647
2627	3528
2654	2654
5124	5124
4935	2642
1903	2659
1537	407
2331	2627
720	720
531	6663
1298	2632
2639	3699
2484	2649
1189	3447
573	238
8974	510
200	2619
4090	4631
1355	2649
585	98
1485	2645
7856	2504
533	3351
7806	2638
7919	3525
61	2628
718	745
1858	3271
2654	3038
2619	3647
2646	2971
2631	3691
2014	2647
1723	3307
9198	238
2629	2975
1161	1616
1783	2632
1682	2631
723	744
98	2404
656	723
99	4688
406	4696
534	127
529	7854
1248	2629
1808	3139
529	8173
967	2647
2632	3522
531	2848
1898	3452
615	3271
2619	4086
98	1551
1363	2619
2643	2646
536	1725
74	2629
2452	2788
2206	2638
529	5681
6032	2641
585	1021
985	8557
5038	5038
2848	510
978	3453
967	4411
529	4395
2644	4416
2143	2974
510	518
2627	3211
238	3653
2484	2644
804	2627
4882	723
1189	4148
8279	2619
9	429
926	2630
5159	4391
2638	2724
2632	2745
585	291
529	2577
1884	3677
1783	2628
98	1670
711	1161
1029	2644
2859	4528
1363	283
2647	3398
2091	2643
98	1135
1977	2971
2497	3592
99	1416
550	2642
2212	4631
723	1554
1041	2642
8818	3703
238	4726
3317	4335
715	2620
1041	2628
1621	2631
1134	510
4912	335
3707	4416
238	269
2426	2619
1618	2636
2379	2619
1113	1113
2627	3663
4912	8627
3663	405
2642	2971
141	2628
534	2371
334	3319
142	2629
2631	2631
711	2656
2504	3319
3351	510
1246	407
2261	2630
74	2638
5251	2641
3285	4808
2635	9528
238	9856
1551	2638
1846	2627
1288	2638
2645	8745
941	399
9	141
719	8321
5307	2974
2331	2629
2648	4416
2465	510
98	2009
5525	238
2640	3154
2973	3276
1722	1723
2630	2729
529	4766
98	1485
3271	510
4391	4391
695	238
2632	4420
784	3525
5028	2627
8303	510
1246	2629
1808	463
9	3318
902	269
1363	2213
2619	2837
723	127
1189	430
1924	1928
694	3103
9	9
4958	2641
98	3566
529	3808
785	269
1621	2627
723	2518
98	9398
1597	1721
1021	9
2642	2966
719	2681
529	7106
98	3318
719	720
529	9748
1053	2627
1276	3271
2628	2752
2095	2647
4846	2627
1258	3271
4196	510
1072	3447
1476	2620
425	510
717	1884
1248	2615
529	7513
723	942
573	516
533	2577
532	6140
9988	4411
529	3271
5421	4391
2654	8450
177	2627
2645	3703
2280	3271
724	3657
723	3171
5567	3271
664	2652
529	2745
2641	6972
1808	2339
1845	2629
238	3688
711	1781
723	2348
5202	2971
536	2848
61	2632
1808	437
2645	279
407	4023
2484	2645
723	3597
2627	9982
2645	517
1041	2641
2102	2638
238	3525
973	2638
2646	4416
724	4341
694	99
2628	2816
2627	3666
529	2261
59	2620
2631	2729
724	400
718	4155
9	3528
5028	2630
1811	2619
9612	3350
2642	335
99	3044
2642	3466
536	2371
5533	2869
718	6874
8085	3322
2619	3433
4840	3092
7849	510
1170	2616
5728	510
5403	299
2620	4396
900	8220
723	3209
962	2627
893	2641
4879	2619
177	2641
2632	3073
3271	4751
711	3304
2269	2629
1111	2973
1288	2630
98	4751
563	405
530	2839
218	2638
238	238
531	3615
993	993
529	5459
77	2619
2642	425
99	177
2737	3112
1682	2638
1808	2214
7727	4084
1718	2632
2974	2974
2146	2630
2638	3443
538	723
550	405
1072	3350
840	510
142	2636
2619	2826
529	513
2646	4036
2629	3691
177	510
1161	2646
1397	2646
950	950
7885	2341
608	510
724	98
5092	98
269	3653
1845	510
2641	3710
1834	2906
804	2631
1969	1969
1445	2619
2646	3227
1808	2642
2973	3997
875	2645
2511	3271
529	537
973	1924
2627	494
1808	4148
2619	2831
2641	4416
538	99
98	3162
2627	9409
2562	2643
2735	510
1830	510
2620	2729
973	2635
724	4361
1021	4416
3271	480
5461	2641
98	4200
783	3326
2504	350
1476	2628
2620	3657
9	275
2638	4446
877	3038
59	2906
723	3202
724	3396
4851	404
723	3326
60	2631
2631	2745
2562	2646
531	3271
1834	2629
1363	1898
8189	3271
5279	724
537	2627
1899	3452
3038	3227
1111	3786
711	3951
25	2620
1066	238
3013	3092
695	2645
2630	2646
537	2648
1551	2632
2971	2973
9	1347
1355	3038
2627	3521
2635	4612
4840	2056
78	1604
2628	313
242	2619
2619	2816
2636	3363
2490	2627
723	3408
929	510
2146	2627
1804	2619
98	7054
9	1957
532	6663
9389	9389
532	1965
8939	8939
2627	2640
1682	2648
1736	2619
1525	2620
2632	409
2394	2497
8086	2636
4851	2616
902	510
2642	2816
1964	2643
695	2619
99	5963
2632	3691
1415	1884
1331	302
1781	2641
1551	2631
2627	8065
9652	2649
5662	510
2395	2399
9528	4528
1667	401
628	3271
711	292
833	407
724	358
529	6552
142	2627
2638	425
1537	2504
9	299
1926	510
1415	3350
723	4411
1416	3103
711	1021
98	4050
6174	4335
3708	4751
1722	4352
1525	2640
529	7849
9652	4411
2443	2627
1143	1143
4267	4267
2109	2645
957	2342
556	2641
2627	3073
1003	1722
3038	447
2269	2636
2627	9528
4391	4541
2639	3700
718	2202
2594	2656
3427	510
529	4293
718	1821
529	3889
1689	2619
2636	3408
4963	6918
529	1575
2650	2655
4599	510
723	3525
529	6456
724	1682
1808	1808
54	407
804	2636
723	2581
2627	3667
702	941
5082	4023
1943	510
664	9
2341	3308
2642	2654
6881	517
2501	2629
2627	462
7719	2619
537	3038
1808	3708
724	2097
74	2628
4840	537
2141	269
723	2214
2628	4109
900	1134
533	2680
5398	724
1965	2644
723	1537
1726	2645
404	407
2641	4375
1189	2406
724	1963
279	2973
2641	3162
536	2577
711	1189
533	1767
1808	2649
8078	510
529	773
269	9856
2627	2628
2641	3103
724	1481
3521	510
724	2573
630	2628
529	7931
2638	3549
2497	2619
5533	3525
2451	2452
4054	4054
1298	2627
529	2148
9004	2641
2587	3271
2643	3398
723	8
2629	2629
2645	2781
1355	2645
800	2641
532	9109
4963	177
1161	2972
2642	3013
2619	2825
2627	2753
1616	4631
529	8847
2615	2615
2619	3670
8627	3103
2497	2627
2642	4375
5459	98
1035	2619
1284	2627
1730	2276
2619	3000
1926	2619
1135	2470
1667	4001
2504	9763
941	9
711	2655
2647	3710
2627	4421
719	3171
1804	2647
1828	2648
1373	2631
2214	2971
2392	2497
1808	2724
98	3271
534	723
941	2642
531	9
2627	4156
1621	2632
2641	3398
694	4416
2261	2631
711	424
711	2862
724	465
8557	407
5943	98
2644	3103
1682	2974
2342	3271
1189	3209
2648	3710
706	1363
2307	2632
2642	2642
1053	2631
530	233
2636	4109
3710	4416
550	2647
711	4267
2638	2729
717	1808
694	98
1363	4088
1246	406
1845	2632
9610	1804
2214	4281
9	2081
5293	2642
1021	2647
1670	8550
1445	2620
2640	2771
711	1111
626	3209
2124	2906
1414	4750
99	4109
529	4958
1621	2628
1895	4528
4396	510
529	282
8303	3103
2404	2629
711	3708
723	279
200	2341
2648	3013
2636	2753
2620	6756
1537	2643
98	2724
2504	7557
2781	3271
98	4416
532	3663
1884	3308
1833	4416
2619	9528
2868	3271
585	1682
531	436
529	8289
4743	516
2972	3276
1934	2642
9	4300
1103	1728
10	2688
60	2627
2244	2619
723	4038
238	3322
1707	348
941	1373
98	7861
532	2848
1808	6005
9557	4022
2627	3588
532	720
2261	269
4855	2648
723	2092
6821	3372
1498	3271
532	2680
2643	3227
2647	3117
5320	724
723	4361
532	334
14	8557
723	4616
2638	3073
2476	2504
2141	238
941	3662
2203	2973
2619	3322
2231	2627
2827	510
269	334
61	2627
3339	510
2629	3443
1808	3649
2476	2619
2649	3398
694	1363
1006	2627
2647	2650
2371	2620
2640	2826
2630	2753
1682	2632
2631	9982
4897	4416
1700	3350
4840	4778
1808	2619
1248	2630
1878	2619
7356	510
2480	2659
739	2645
2632	4421
7806	2627
1762	2627
2648	2650
1363	2620
1493	2619
5092	719
2504	4416
74	2631
1271	2619
4023	4682
2008	3398
6723	2504
1035	2620
529	1943
3663	406
694	2973
1808	3306
2638	302
2646	516
804	2628
533	3525
550	10
2632	4446
1363	3525
2647	2680
1362	295
2638	2745
724	409
5588	3318
2638	494
715	2619
1041	2627
941	2365
4840	538
743	3587
1828	2642
8619	2647
2379	2620
1725	2639
1682	2643
164	2628
2630	345
313	313
2341	2341
4309	4309
1972	1972
720	1860
9152	2629
2868	6960
8939	2627
98	2426
2638	2758
1248	2628
9	10
2261	2629
2053	4528
5086	4391
532	2839
2344	2627
1846	2628
694	2972
534	1846
2102	2631
2009	2009
3525	4418
532	2737
8093	406
2636	3691
279	335
1667	2638
4840	337
2630	4446
4335	4778
704	1189
1806	510
117	4416
1846	2632
5321	723
5028	2628
536	334
1246	2631
723	1481
9554	3708
1246	2619
5289	723
8364	2627
2620	291
717	1115
926	8037
1808	2749
877	2645
724	3260
1363	2628
3566	4416
3117	3708
2504	336
1246	2906
2095	2648
60	2636
2392	2835
4840	9988
4572	9102
532	2781
774	2632
9896	3271
8557	4023
5533	3574
2639	419
5533	902
2636	4665
533	1725
723	521
2638	3703
2473	3271
695	2638
1845	2636
723	1829
1667	2745
2638	3663
529	8285
1021	2642
990	2619
522	3271
719	3898
238	3247
723	167
9109	510
723	2862
529	4334
4840	2745
877	2642
529	695
2620	412
248	406
1363	2002
2632	3211
2641	412
2499	2616
98	1896
2619	3389
350	510
2641	3859
1550	3574
6140	510
549	1362
2642	296
694	238
2631	2635
3271	3271
532	1355
1682	269
724	2862
978	44
1730	3271
1804	2641
1595	3590
531	3398
9557	1481
238	7565
760	2627
1939	2643
695	711
2642	3308
2639	3688
9557	2518
529	7103
2394	2835
529	3840
941	141
4840	425
4840	1021
5123	3319
723	1415
630	2632
532	1725
723	9048
2442	2642
4023	4023
529	966
711	1964
2627	2975
529	6794
1090	3350
2244	2615
2627	3350
1551	2975
5533	1958
2632	2729
1537	2644
5441	1833
723	2473
833	510
529	7014
529	2795
98	334
177	2642
531	1021
162	2619
2644	2653
2816	2816
2620	2827
532	2467
2102	2630
2620	3244
2620	3956
531	3005
3669	4183
2493	405
529	7996
1414	437
696	2632
2199	2619
7337	4139
407	407
1445	2627
9610	1937
4935	2647
5016	3271
529	98
4840	2626
2341	510
1725	2645
2648	444
2619	3525
562	3430
2146	2629
2629	2753
532	2095
2565	2641
1537	2646
1135	2642
536	5294
1762	3271
1969	2655
2645	2655
2619	2827
251	3701
562	3271
1477	2640
1246	2627
2635	3433
2198	2619
2261	2636
1161	2647
4840	2816
14	2615
2628	2745
4317	510
723	2102
1363	2642
1939	2648
5533	269
1298	2341
2504	4317
868	1362
1363	1397
8619	2645
529	538
2628	3211
711	4050
2619	9197
1362	2973
2627	2749
2645	6422
529	725
538	98
533	773
2095	2342
1476	2632
2404	2638
5533	238
532	4206
745	99
9	2815
784	3326
2630	3211
409	510
1783	510
1943	2645
973	2632
525	3271
529	2641
4879	510
1091	1884
1633	3590
1769	510
1898	2641
99	2244
2631	3522
1115	1415
2975	3271
711	2630
955	2641
179	2650
2627	3443
1928	517
529	4344
529	8954
3525	510
1362	2627
7804	3319
529	1830
2081	2629
7884	7884
536	6663
1551	2619
142	2638
1189	8492
2562	2649
1958	238
529	1047
2628	9982
2971	3162
1884	9197
2906	3244
529	9240
25	2619
6821	2635
536	2839
537	2649
2971	2972
1298	2630
711	2484
979	3271
529	2094
4840	1957
2484	2646
1363	1725
164	2629
2146	2628
5153	2642
1246	510
1766	2615
1682	2647
529	3478
2628	4200
550	711
2341	2354
1053	2632
4840	5092
1530	2638
4850	941
1345	3271
529	572
3291	510
724	510
695	2620
532	2745
936	995
2634	510
1618	2627
238	2809
5533	2504
723	1642
2641	4607
2632	3408
723	2808
534	1725
724	521
2395	2400
2627	3662
723	1878
5028	2636
5028	2629
6918	3271
1976	2628
2631	3363
201	3271
5533	515
868	1363
573	1946
724	2681
532	840
5082	2109
529	8655
1781	2645
9118	1363
4840	279
529	2341
8086	2638
941	2621
5082	2342
1021	3038
2404	2973
1682	2630
9	3574
2636	494
2620	4138
291	4360
1721	3307
1333	1333
534	5307
3956	3956
5763	2627
529	2680
724	3400
711	4289
941	941
724	158
532	2500
723	1964
723	723
6839	3271
1616	4249
422	4778
2643	3038
9938	3271
724	2684
534	1898
61	2630
2650	2652
1976	2632
2146	2636
2644	3710
536	1804
2504	517
7731	3271
99	2404
2824	510
711	800
3320	3320
2403	2403
238	4327
711	3357
2501	2631
2620	6972
8002	2504
2642	4049
898	3271
2839	510
154	2641
1722	3306
238	8682
2630	9982
238	311
2615	7770
61	2629
1723	3305
1226	2619
1170	8666
279	2972
2619	3013
2341	2504
1926	3350
3165	4810
5289	724
2243	3271
529	2283
534	2577
2619	3274
630	2627
1804	405
664	99
2497	2620
724	2297
1781	2651
723	210
2630	2745
1161	4411
1248	2627
60	2638
1003	1884
1721	1723
9988	4838
1104	2272
1976	2056
2737	3556
5095	562
99	9348
7180	2619
3574	3574
2641	3239
98	2805
99	8729
2619	4285
1161	2971
325	3271
9	2394
976	2642
755	269
2615	2616
2053	2620
1189	1345
529	6465
98	2635
533	3271
1808	29
1547	1547
2631	409
9	1821
2504	3522
2504	4541
1537	2647
711	4036
711	2654
2619	3244
723	1552
1006	2619
941	510
1363	2641
1804	2648
1828	2647
720	2408
1924	1927
6554	6898
2307	2638
536	2341
941	2587
6245	238
1667	400
2620	3389
2203	2647
99	2009
3103	3147
724	3691
4938	3271
718	308
1754	1754
3271	3453
302	3271
573	1067
14	4023
529	3528
98	2271
1134	6898
2642	3902
8527	6756
538	2971
774	2628
1246	405
861	9
4607	510
3005	510
2470	515
2636	4420
4840	573
3271	4588
2619	4370
1901	2642
554	4391
406	4109
1021	2646
1707	475
941	2632
877	2641
973	6821
1838	2640
1826	99
1090	1189
2737	4265
723	959
3410	510
2862	4411
755	510
537	98
8986	1721
1013	9
2627	302
706	2641
1945	269
694	3964
5426	7835
2645	3525
2628	3691
2629	3363
6663	510
2639	3653
2640	3276
2497	3350
723	3260
15	2616
2109	3271
2244	2620
2344	2632
711	1726
2632	3443
1833	2341
1783	407
718	515
868	2906
2627	409
2392	3271
1363	2680
1969	2341
2620	279
531	2577
269	2639
2619	335
534	2538
1115	4148
1362	4446
2641	2971
701	2640
973	3644
1808	8492
2737	4588
724	3326
743	1722
723	1021
2970	2975
238	4819
2629	3522
868	4528
1616	2214
1193	3271
1500	2639
1135	3318
9223	4416
2628	3663
711	4411
2476	2620
4980	1189
3271	3308
711	3026
715	3271
2371	2619
533	334
2470	3826
3587	3587
60	1189
724	2647
2629	302
723	2477
3929	510
8189	2642
2392	2752
2641	2750
973	973
538	1884
1728	3271
2619	3662
2850	3285
4631	4631
282	510
99	2425
723	3396
3986	3986
1363	4446
1364	3271
2616	2616
1170	1170
2648	2651
2641	4216
1616	2638
1493	2620
534	3271
2636	279
529	3339
529	4068
3271	520
1021	4631
2443	2619
1189	3306
1189	6422
1805	2640
724	3259
2538	510
724	1788
1363	2627
978	3452
605	9
510	516
941	437
711	947
8054	510
5533	2839
1145	1754
2646	3525
99	1957
1476	2638
2647	294
1831	238
2206	2627
1721	3304
2504	3008
723	1608
529	3629
534	2831
9	1189
2627	9921
1667	2636
1103	3306
2095	2645
2627	3525
2214	3271
4840	3044
877	1362
538	2470
2091	2648
98	1416
4855	2645
2451	2786
1104	2406
3322	3525
9557	3525
9389	3165
238	3526
745	9
2192	2579
529	1926
1858	2627
292	510
2642	2973
9	2635
4360	4360
98	1170
2631	345
550	406
2630	279
1722	4751
9152	2630
2628	367
529	9
2632	3363
98	2425
529	5003
2642	3566
1781	2648
7540	510
2344	2628
1551	2640
529	7353
1189	1728
1029	2646
724	3285
711	3398
2635	3493
529	156
2091	2641
723	452
2636	3522
2392	2392
2341	2404
529	5554
2638	9982
2638	3898
2645	3710
2620	2721
2649	292
5277	238
1808	4282
5254	2627
723	1417
719	521
550	3038
4855	98
877	2644
2448	2451
723	309
1928	2638
3322	4743
99	1972
529	2846
2628	2635
2639	2639
311	3574
4900	2341
1310	510
5533	626
2307	2629
1161	3038
723	358
3322	6174
2641	2650
5279	723
