1630
836
842
26060
999
1499
29119
1495
1496
8312
8313
324
10297
2932
6932
83439
6934
51176
332
4609
595
7471
7472
7482
7473
89780
54361
7474
81029
7475
7476
7477
7478
7479
7483
7484
7480
80326
7481
51384
8321
8324
2535
7976
8322
7855
8325
8323
11211
8326
4041
4040
1857
1856
1855
10023
23401
2147
183
2149
9002
1902
9170
23566
2846
57121
10161
185
2768
10672
23365
9826
9138
57449
387
6093
9475
6387
7852
2770
2773
2771
5731
5732
5733
5734
2778
107
108
109
196883
111
112
113
114
115
5566
5567
5568
2782
2783
2784
59345
10681
54331
2785
2786
2787
2788
94235
2790
2791
55970
51764
2792
2793
1284
1286
1288
1282
1287
1285
284217
3908
3909
3911
3910
3912
3913
3914
22798
3915
3918
10319
2335
3673
3674
3675
3655
3685
3688
5747
5290
5293
5291
5295
5296
8503
5728
4824
207
208
10000
1147
3551
8517
4792
4790
4791
5970
5743
4843
596
329
330
331
79444
598
7185
7186
7187
9618
7188
7189
2475
6198
6199
572
2308
4193
7157
1027
1026
613
25
1398
1399
867
6776
6777
5292
11040
3827
1906
623
624
1909
1910
2776
2767
23236
5330
5331
5332
5578
5579
5582
3558
3562
3565
3567
3569
3574
3592
3593
3596
3600
51561
2056
3439
3440
3441
3442
3443
3444
3445
3446
3447
3448
3449
3451
3452
3458
3559
3560
3561
3563
3566
1439
3568
3570
3572
3575
3594
3595
3597
3601
149233
2057
3454
3455
3459
3460
27436
238
10125
10235
25780
115727
3716
3717
3718
6774
6772
6773
6775
6778
7422
7423
5228
7424
2277
7039
1950
1956
2064
5154
5155
5156
5159
3479
3481
3480
4254
3815
2323
2322
3082
4233
2246
2247
2248
2249
8822
2251
2252
2253
2254
2255
8823
2250
8817
26281
27006
9965
26291
8074
2260
2263
2261
2264
2885
6654
6655
3265
3845
4893
369
673
5894
5604
5605
5594
5595
3725
2353
2113
4312
4313
4318
3576
1019
9252
5979
8030
8031
4914
7170
7175
10342
11186
83593
6789
1612
1613
23604
5335
5336
2002
810
805
808
801
163688
51806
91860
815
817
816
818
5900
5898
5899
10928
998
5879
5880
5881
5337
5338
5599
5602
5601
7849
5468
6256
6257
6258
5915
2099
2100
8648
8202
6667
5467
3728
7704
5914
890
8900
5371
861
862
6688
1050
1438
1441
1436
1029
1869
1870
1871
4149
7709
1030
1021
894
896
1163
1164
6500
8454
9978
6502
1017
898
9134
5925
1647
4616
10912
581
578
1643
51426
7015
7012
4286
7040
7042
7043
7046
7048
4087
4088
4089
2122
1487
1488
3065
3066
4292
4436
4437
2956
675
5888
356
355
8772
841
637
5366
27113
10018
54205
317
840
9817
4780
3162
1728
221357
2939
2941
119391
2948
2953
2952
2947
4257
4259
2944
2949
4258
2938
2946
2940
9446
653689
2950
7296
114112
10587
7428
6921
6923
8453
54583
112399
112398
2271
3091
2034
405
9915
1387
2033
6513
182
3714
10683
28514
54567
4851
4853
4854
4855
3280
388585
26508
23462
23493
2324
6469
5727
6608
374654
51684
2735
2736
2737
650
652
64399
8643
367
3320
3326
7184
354
22872
686
8425
7402
9896
362
8834
3191
27097
51141
8540
27257
3360
23304
26048
5985
6767
6755
51585
10978
4487
9857
8292
3363
4158
91754
9063
267
23042
7692
4361
4580
783
23023
10650
8629
5509
84284
55922
4295
23008
221443
2232
22976
284403
57035
26034
1339
10775
6938
473
26046
23036
23484
23254
23093
3883
51512
7095
5073
4253
23341
9187
8871
23387
4161
2189
2802
10943
9278
9926
5286
57553
9786
5932
6760
1796
25959
80852
9575
5980
9772
10778
5440
1070
5422
27292
7580
23131
1837
23774
9662
6910
5987
55274
66002
10299
546
256949
9121
10138
51317
1215
23545
4902
9669
2901
670
2342
4595
200734
84148
3892
6508
9522
9640
10845
25771
3476
3233
23269
8674
23085
57634
5536
2137
23759
8723
7181
9718
8650
9255
7781
9604
6873
1479
6538
23049
672
9641
4836
8402
5906
3612
83660
11281
6820
8504
94134
58473
5083
5281
3700
9488
1763
51517
8061
27252
84560
4799
25936
127703
2733
1583
25876
6905
23544
5284
84759
55669
23276
6936
2838
51780
10898
6683
285527
8718
128
4801
2908
57658
9491
80205
9425
51439
9675
56623
8621
5048
25970
1107
1805
2068
22893
4798
9413
10277
23137
147179
3660
6861
364
3801
3351
1663
11103
23237
1409
916
2155
1395
8851
230
122616
4650
9263
3779
116
2048
25830
15
8658
91775
10322
28
8828
886
9148
49855
415
4063
27293
9356
100507605
7783
222658
662
9087
29780
9095
64386
8751
2528
3293
1238
10279
2117
4987
2709
83450
1993
2334
164656
27121
3709
27334
4761
27302
23354
4004
80317
22848
6496
4256
3316
9719
10443
525
7490
1889
7779
7029
3713
1506
5820
23457
2859
9058
5463
6524
926
9672
54039
283238
5081
3929
7075
27229
4355
26145
10637
403
27297
6900
374655
1548
5891
7366
9032
84458
2827
3848
3140
923
23220
4058
2321
6560
4763
6536
6534
124801
6570
5817
6276
3603
1565
5502
23456
26011
8879
124152
9197
6239
3980
90586
1571
1394
5238
8028
6835
4108
782
3741
10564
6862
1793
6927
5892
860
10256
9923
91977
8856
5007
9949
11193
8538
26220
5267
79001
5205
8443
8620
11020
57826
2842
2841
5669
7693
762
7541
3060
79577
9821
3849
28905
2072
10781
6493
84628
3795
7712
843
1310
10786
64854
23617
6833
4014
8302
6530
10747
6096
10085
491
6769
7741
3075
9211
3354
8929
4620
5144
219623
5108
53340
4990
3590
814
26115
6263
1232
11237
26235
26212
50858
9890
57188
1386
22832
3062
5145
55565
1756
339479
2986
2984
3885
8521
4133
8748
8353
1361
199731
925
6564
654231
8001
2822
7752
10326
23127
83698
6332
26576
496
29909
55705
10846
9378
2492
80862
23187
8464
6374
4306
25859
54661
60412
9825
10725
9498
22925
1295
3950
202134
5787
8435
27291
8805
711
6360
23041
1629
4287
154796
5526
10274
4085
9136
4751
3207
11045
4288
2020
55215
494115
2358
10009
22849
9654
9824
899
54014
10868
7582
5558
6782
2297
10621
5165
9767
10100
2561
80765
8660
25829
51032
6877
9397
22927
7753
2937
7174
3699
10280
1024
10229
5965
4660
23119
23275
9790
25895
10473
3837
22859
8317
25961
81611
10469
9927
27235
6596
7336
2135
9879
1058
728642
9125
26292
11196
4141
9319
7469
23395
10733
1977
10200
6433
7266
4245
5981
4357
10226
8703
55174
5190
5033
3903
1642
10260
283761
1943
9986
9939
6817
51741
10362
9600
23307
4593
255057
5245
11243
2868
1144
6949
25786
6253
10869
22982
23253
3299
10554
8546
10712
2967
29775
1413
400961
10994
5514
7141
6899
161
9088
1267
5589
3508
1457
23351
11165
6710
883
23067
5875
1588
5780
25864
317781
3340
5903
835
8861
26284
25920
115817
256364
6904
2590
6118
22997
10844
4782
11024
23547
5609
5608
9223
5801
5802
4920
1182
4107
7691
4661
9358
7204
1842
8048
7373
79962
8711
23120
3884
23476
7700
5931
2766
1038
79840
3284
9019
339
2897
2150
1760
27303
79071
6792
10579
10566
1812
6489
221823
1388
283537
4857
781
8690
5243
10205
9706
6248
5080
54629
27255
3227
5662
1508
3467
2825
4862
4703
6568
8529
25801
25777
4034
119
8941
2483
23149
10320
3761
3158
25950
55001
84243
387082
661
2304
4968
1112
4848
9463
11236
222642
8859
1384
1263
84168
5409
23210
10570
5306
23043
10129
26873
8532
3239
11262
6497
1089
9710
130497
22911
10237
26211
23266
10630
6261
3305
8476
6000
60676
7092
1557
9185
23498
1618
3359
23768
3358
4038
23261
2243
9331
148
53616
11056
8838
22843
761
7252
1002
1006
23327
3670
8170
1908
7163
10144
2998
57020
64754
7164
3791
57556
1143
9843
2993
196740
7025
5172
6444
2523
7273
2692
8671
9306
2532
51666
2554
3217
4978
5133
3697
151230
8715
4356
5009
11155
8534
2138
29798
3836
6702
4214
7066
90362
26095
26532
57030
11199
51761
23214
23019
22826
29889
8085
6901
23550
4998
989
7023
7690
9761
10425
11104
9202
8634
1820
23200
8438
3419
472
10575
23636
7593
11146
648
26043
5571
23511
23527
9070
2958
9097
64210
11212
23175
57187
10314
7407
5432
11231
5430
8882
6883
27309
25974
19
2688
417
4137
9991
3423
11016
10618
10929
22895
5630
23432
10980
6181
7798
8045
5757
4850
10567
5170
7703
23108
55643
7178
7542
8237
11143
7275
25792
11313
4074
9351
2914
421
1272
4598
27013
51343
22853
58509
8659
6229
1819
222255
3965
9189
4123
55611
2931
2962
2870
3020
10188
6548
9118
22936
4634
1962
9681
9508
7088
729
55558
6532
3889
11249
6563
84631
23431
81691
8452
419
23232
5000
11251
57576
7180
1677
167
4625
27072
57096
10526
10737
8528
9701
9495
4983
23313
6718
23683
460
659
11082
23322
6372
10218
7456
26045
1121
2115
4957
4490
9422
7222
3658
54516
56950
2045
93594
8600
27130
7903
744
7363
1733
9734
54463
7067
881
10495
9515
3782
3763
9721
1944
27069
23620
49
4633
5208
8515
9742
1559
5586
26152
10749
5201
9563
10223
22993
29896
265
4956
7172
3579
5032
3356
10331
56099
23233
7158
503542
7432
7516
27350
158
6843
2740
156
22938
63036
3681
57151
3757
89910
26030
23046
869
2820
5149
6664
153
26659
22873
734
5994
2731
3931
8756
1136
5795
1690
26033
3344
3235
26206
8448
1473
8997
8852
2651
6578
577
117178
6874
10740
9836
2559
1758
7136
220965
8688
570
5989
552
6939
7710
7556
51754
147339
114088
11245
2694
7270
56269
284649
23192
2918
5082
23251
676
54435
7166
8100
845
3938
2444
3294
2712
7730
2828
90627
462
9692
4300
26094
3578
1967
54035
168667
10599
84991
1527
23464
10445
1543
10905
5099
2036
5049
7525
4331
23
23173
51103
26057
8886
5709
8803
7866
5378
10212
2887
8607
26747
9688
55916
10153
86
5778
10989
1737
10939
6449
9646
4745
23105
10745
6326
1544
27112
54737
635
23508
6943
8366
6677
7221
23148
23208
4889
7757
3756
5104
8807
7544
6291
28996
9020
23080
5864
735
51099
23541
27285
11077
5193
1270
646
5620
4829
9947
9659
5317
4223
5141
8431
956
775
4693
22902
56548
5027
4201
23248
1616
7264
995
11137
51593
32
48
6424
3707
486
2833
5456
9808
8785
5031
8987
1401
23366
551
10073
90134
4608
1235
1158
56252
1183
55816
3990
192683
10519
8888
6768
9341
10093
8445
10238
5387
157922
1453
261734
7082
636
2999
5408
11043
9447
7259
1352
3769
5923
6517
10663
8187
54475
10825
6658
3738
6758
2743
26762
81563
91949
22829
80781
4916
685
7434
917
7139
611
5146
83475
2001
1417
5261
6666
547
2917
6363
7512
6567
2687
2840
11156
29851
1795
57824
753
1428
4917
26102
2980
1134
1504
114781
763
55702
8928
23293
4589
10408
487
1109
58503
9079
5152
50859
9265
57834
1823
3190
2794
6233
80740
7376
10594
26058
5192
6146
9318
200081
10953
5682
3146
10094
6872
138046
953
1958
51352
251
2813
1084
5909
55023
3712
602
9362
958
80256
6745
10471
30850
3163
6997
56242
5592
8739
81614
7173
26138
2560
1775
696
11019
1633
27107
10788
10507
1762
29114
4099
22854
84901
4682
9519
6251
6814
157769
8458
23633
10589
6880
9699
2196
11017
26585
9866
147
9028
5745
4804
2488
11329
5861
50626
79065
1455
26092
8242
10075
10467
5529
9326
5694
27336
8678
23197
3607
54386
573
23317
7319
3550
4927
7353
6015
9128
7508
23054
57680
9453
8766
11235
8019
6992
10573
3608
56948
8450
23109
8512
6331
7597
256643
4277
587
4606
7054
359
155
6340
4747
3064
7454
3886
107161145
5973
5347
2852
10440
54738
53344
8214
6602
2954
2176
4835
8567
7554
10076
8091
23310
10803
1133
113277
7696
14
7389
5977
6347
479
6944
4610
5158
7265
2005
345
2524
6827
622
84867
438
3881
5119
4694
2491
5340
23172
2689
3663
6391
553
2170
2212
23215
652276
10296
8774
6293
29978
23118
9529
757
56910
130074
26268
23032
3093
25831
8518
10558
84146
9439
9908
79672
25912
253943
57136
23588
387509
22908
4669
55177
79595
51552
51528
51660
57179
84193
1781
55860
57142
51616
259282
29099
83862
27154
26097
8575
27342
30000
11176
2309
9567
57711
81689
4771
5901
1676
64710
1431
65125
81566
56257
10477
8086
5253
2935
51592
84726
85465
51130
10193
2098
4670
6429
5250
23070
11011
9861
3425
10983
55967
22919
2521
7874
9774
1120
516
9802
2642
7323
9898
396
9266
5976
9887
515
10921
5106
7458
8887
375
2213
6668
54471
55069
54928
8669
23405
64786
51125
55326
342908
157680
51719
1739
29057
5565
51228
64853
583
9448
55717
27020
26009
55207
10890
51479
23379
55738
84162
27131
51633
5962
8898
23259
9813
23499
64689
116984
9117
23291
9110
200933
11342
256471
8455
113201
23301
79634
57092
54940
283349
26118
55914
57403
10768
7637
10423
23543
23558
83759
11188
83989
10424
9231
79969
1911
118460
23126
57498
219287
51164
4684
9906
57148
55175
23326
112936
7763
9649
2066
23274
65062
23245
23270
8897
51335
4440
1641
4301
9329
6046
6543
7468
9847
9360
5316
55198
9969
55884
9925
9146
10307
4135
65998
4781
203259
1783
57580
10335
2550
3766
23371
4649
26207
79966
84886
1778
23576
55754
57509
9371
81609
25840
5412
22933
4651
79834
23162
10933
7920
10782
55262
257364
55608
57585
64745
84340
51202
25942
57647
57533
64777
64766
3621
26277
113419
28988
26000
51433
93624
155400
55633
55761
326625
84961
81488
11108
54505
51524
29086
285855
10197
93058
84823
7629
9049
4841
393
3276
3177
6603
9169
7536
7409
642
6599
4363
1725
6717
26018
361
2824
51704
23500
57584
53342
50862
94015
92737
57348
9444
8622
57447
23580
23034
114793
57555
9865
65059
6867
2037
79627
83604
29767
29968
10521
9486
253959
23014
8853
55746
50861
56907
8924
728239
9867
4591
23095
57645
10527
4664
55832
10838
60685
80212
10152
143686
4947
23673
9581
10513
51808
2181
57720
55228
84890
80762
93627
10787
11158
57704
4774
8945
150465
3800
57026
10444
51400
526
10391
122830
23122
78986
9891
25999
23263
57496
84293
114928
84260
64112
56478
4131
139741
7532
9215
9479
51231
10713
55749
4297
79736
9440
56928
9967
6453
1003
10203
55879
2086
1493
177
3882
6554
5676
1130
10246
1448
65056
7326
7257
51008
23592
10005
1979
3843
55148
64969
79811
64421
10730
25843
54908
50999
136319
148423
9108
58517
10617
8562
10482
90809
54495
55037
56900
84271
25870
54890
57677
9665
2957
26005
22909
57335
10363
7328
57542
55284
285636
23241
7216
55720
29803
54726
51742
23020
65117
26054
51520
1665
51631
1452
22887
204851
9988
27032
26135
26234
84919
128866
54476
29979
7813
23524
55683
54915
65110
51366
9098
10802
64599
50813
55275
83546
2686
3338
3891
1302
10066
23381
11091
64852
132158
25865
4209
54903
10505
160
55665
51122
84129
10522
79982
54765
9693
55810
23142
221960
11161
51324
53615
4173
55743
205
54815
55116
57693
79016
79959
10236
29883
26122
23435
57396
123096
170506
8289
55239
5036
84275
171017
84450
9852
10915
23399
79654
950
3189
7716
7750
79780
10658
55100
25852
3516
9868
10054
84085
3192
51340
80018
54497
26225
64795
64431
122553
22889
92249
55325
57727
3839
643836
85021
5495
79027
5198
10426
8776
7812
10640
9126
4800
57666
51320
10087
22903
9903
56650
25994
26091
54704
23136
23413
10826
222236
55102
7018
57406
25817
5638
56904
79685
9922
147929
55246
23035
123606
122060
59338
5993
1464
3742
4899
5525
363
6566
10148
7030
6942
7006
6016
3096
1186
5830
2702
4150
5969
6882
286887
4130
2717
55120
57695
51747
23598
26039
1572
91966
29035
10180
119016
122809
57787
54664
4238
9739
22818
85377
79178
346
9885
8704
11180
339287
79665
65250
57505
64132
134553
65980
57763
55591
59349
51147
5550
29907
347734
79042
56683
79172
23731
10466
115704
23608
10208
55837
57337
10048
8065
54700
8649
55596
29789
359948
6897
91408
84311
440400
92140
10262
9367
10746
85313
26959
79882
65979
64645
64844
55773
7988
57606
23360
55031
22828
3897
2905
6753
1180
135
10940
1145
1041
4327
6318
2275
89870
3952
2645
1447
23300
55830
23788
11260
84305
92715
55571
123879
51078
6294
79154
5877
9344
6839
8799
10906
2242
1482
118
11189
9568
148252
60682
63916
9043
5178
84707
9910
10776
4884
9859
84457
5789
51701
23542
9666
9846
93643
9839
112939
23037
56262
29954
56895
56899
64412
116843
55704
51100
3992
79618
54472
55885
23492
4155
80303
6507
3786
9829
51560
4905
23057
165215
8566
6327
9201
7447
140767
9892
1501
333
11170
7008
22866
26052
5354
23114
54602
477
5274
55450
9638
51072
8815
23077
26065
10735
55660
143684
54165
51185
29777
51574
25926
51444
150275
57472
3421
80789
7072
57178
23522
283489
4092
55623
9025
153222
56204
23384
7334
54946
219988
2186
8239
23350
57728
4926
3842
151613
1385
10367
10492
9924
84320
55904
55108
58155
11163
29888
117143
23204
4001
79832
26273
11044
10605
4090
56965
27245
3281
283459
221079
23394
100101267
81493
8493
10793
7337
10206
51729
7589
84924
1054
3609
79029
58499
55209
57679
66008
57722
4204
23705
51111
27147
7003
65055
131544
9745
85457
66036
10156
51092
57019
84245
140460
94239
2889
90736
79567
11278
7559
55238
55339
55146
26205
6619
8737
55870
84527
80011
57212
124995
1717
51263
91369
25980
348262
51098
56926
83607
56893
158586
10328
55095
26750
140459
147007
9860
90231
84231
8209
7415
58513
26953
56889
9878
8396
94005
51663
339451
79137
54936
7857
56970
26133
84942
57182
11244
2104
10523
5058
248
2853
57698
4248
23621
57446
23348
56995
9135
8502
81555
81603
65083
23092
1955
84669
57600
55852
58476
55331
3859
55917
23760
246243
55900
55311
84705
22847
26130
51144
8609
7342
375743
6400
9039
342926
4289
29117
28976
5911
57587
28962
8725
8099
29934
25940
8411
80267
51014
55751
55334
9673
51068
23534
54989
55677
92370
9406
10766
54778
57614
92703
523
55740
6660
22846
6786
4913
9363
27124
10728
5411
5093
4478
23471
10657
1660
1655
6427
4076
30836
5148
6915
2527
27090
54531
29984
55503
8975
402
80195
51304
4325
83643
84892
23152
64343
114904
205717
10450
83892
146223
252969
79447
51523
55425
91746
7419
1741
54665
57609
83648
51277
145773
79894
23421
9111
63940
4358
3635
8439
6693
5294
10287
10020
6526
988
84864
51015
482
6779
114049
6483
5457
2315
25893
4878
199
113791
80162
79961
51696
54941
23526
29121
51735
8473
11276
23398
9744
3702
11322
9814
26119
27040
3003
11119
1844
387751
50619
80342
11118
55573
4666
9960
9140
2000
83440
5935
9589
10096
55656
10097
1794
7805
5062
22878
2665
3059
5927
1192
8932
51386
7297
10914
23196
9535
663
10015
23478
1463
10675
6252
203068
287
2823
2571
1780
2775
11075
81551
3797
23040
10079
10962
2596
55084
10312
6402
3385
3106
51170
8826
567
678
837
51291
9051
83442
79670
54918
79890
3683
6793
29125
54861
2533
5788
9267
55303
474344
4154
23586
22838
9595
79668
10384
51411
3937
5699
6494
54440
963
3431
6892
962
80774
1445
397
5777
3105
79585
3107
51131
3133
5696
3134
10475
11151
25816
4615
9815
752
79415
3428
3135
5720
3936
26578
4242
51379
53827
6890
10346
5698
4046
6195
5920
5551
10641
3823
30009
919
22914
6095
6351
10225
9172
7535
51348
3824
864
924
3820
81926
3001
10578
5775
11126
100132285
5583
1521
3004
8530
5729
4818
10123
6846
51744
9516
8477
3689
79180
55911
976
3587
313
9976
101
6404
4542
9046
3398
11314
1524
5908
7378
113146
2810
1001
53836
653145
1308
220
9982
6273
9635
2707
55612
57402
306
5744
8626
347902
3880
3872
5268
2152
374
3283
3292
250
7077
3814
7869
827
23764
79987
25975
5670
5671
57134
1028
5678
5673
5672
1392
8038
9518
51310
6857
10687
6620
7102
4675
4674
54769
9899
9900
3785
10900
7301
9796
770
6812
23362
8927
23229
23467
6844
23017
6456
25789
534
22891
51299
53822
273
79605
6853
65009
6616
30845
10439
2664
57468
10231
7533
54715
1123
1759
9506
5069
2201
10761
6382
5675
56891
5055
7020
54458
382
1831
9766
1535
10957
3659
27230
7940
6503
55654
2124
64174
10628
9938
409
9750
2014
6866
2719
4320
3484
53637
55020
79158
10417
4145
3904
3809
8934
259197
430
9289
115653
3802
3811
3812
865
6047
64601
50650
59307
868
2534
54103
5527
1442
3641
6281
29124
51442
9886
51232
191585
26
9122
10695
3123
6643
3109
8935
3108
8635
23325
6850
4067
10961
7462
4048
3122
5064
55800
1996
2891
5912
102
829
10092
5216
10109
3927
10487
9473
79168
4125
834
4600
51816
55969
5580
10859
10095
4170
7133
29108
10019
2207
7305
4218
5791
1536
5997
27128
9337
114882
51571
9208
311
2313
84124
64761
58533
10365
4897
1804
2913
60489
26136
162427
27430
23321
56967
9379
23380
53826
9715
59353
3726
3852
64065
5406
10136
343
23436
64714
5644
6690
5645
11330
1057
5646
1358
5319
1357
5407
154754
5276
1056
1208
1360
6352
50624
5968
5967
1080
6278
49860
11005
8581
5493
6700
7051
7053
3851
5275
5307
3557
3860
54544
2125
51458
3868
6698
6699
6707
1476
1475
55233
8773
133
51440
1654
1105
10209
3071
4126
55027
4603
4068
7294
87
5187
7450
9249
84099
5641
10791
6770
7103
8537
7035
8364
1978
10494
6441
5937
8000
197
9027
7429
84898
55288
84647
5042
411
7761
1044
55616
64864
9884
23463
10520
22852
22898
140894
11311
83692
7138
57613
79057
79090
10607
3739
3037
29886
10240
5333
3357
3662
2934
134
51060
8829
8556
203
27004
6656
2262
23594
4776
79797
54465
79066
51372
55287
114609
29104
56155
54535
1907
7748
51361
55973
7919
9637
7728
27443
83468
79583
64091
90865
54431
257000
54943
7633
4688
8831
6091
1550
57547
3312
79699
64785
51435
947
8764
7078
5225
629
3853
1485
3976
5798
6324
8729
10233
3112
5829
5087
10488
5098
9181
4753
1459
8692
1013
10046
23403
3251
10606
8833
7298
353
100
7372
2618
132
3615
10486
1649
3638
5730
6750
5151
8905
64750
11062
9855
10616
54587
7036
3750
57408
9427
8424
114805
10858
84946
64066
57568
10324
112950
9228
10842
57180
29089
54825
25987
55193
57481
59082
93650
9615
89792
51106
1073
79152
55726
26470
23660
5818
55753
84971
81849
53354
78997
55507
91647
84553
3226
64097
57835
64901
23767
55835
25902
88
54221
54802
55081
54518
56675
84894
80208
57234
54106
60509
5636
10603
148281
54212
84138
84689
79781
51172
56890
64324
196528
9532
2295
84740
54764
54820
22824
440275
57226
56952
115557
23357
56256
55825
84660
23258
64860
54148
85413
10661
51016
9527
22918
51237
55203
79613
55030
9217
4308
90956
85363
131034
81615
50865
100505929
55454
55314
90625
56605
85406
25988
22882
64979
9980
55968
51011
64220
23349
94104
79132
57486
79144
88455
55340
23562
9499
9175
55253
55154
92399
26015
80759
1937
83941
658
11136
84817
442197
1355
10563
10458
112858
6555
8796
51188
64423
29796
758
2658
56301
51070
29940
51028
833
3735
4677
16
6301
8565
5859
2617
3376
3035
2058
23438
8570
3978
6240
5111
5955
9521
900
80777
7324
84525
8842
3866
57147
6732
8520
6996
6634
9414
5653
4212
18
9863
1951
373
3775
2119
2581
3273
4200
2289
6036
51351
5442
1836
5264
875
493
51
10873
4207
5930
22850
9652
10632
11001
8412
7743
7247
8604
9099
4152
5394
7011
2981
9410
10732
9747
8790
10499
10137
5469
1060
25945
3000
7746
51626
5554
175
7347
25782
9726
6689
9663
9270
5001
55109
528
11257
1486
5828
2959
10903
10401
22981
25776
23240
8726
55905
1389
5494
10464
92
8846
11039
10623
26019
9482
580
8760
8864
1382
6428
280
25836
3007
11129
340591
23469
9320
5627
8505
80308
6103
8189
55856
23169
79758
25820
22906
6640
10159
22880
3176
2965
5326
11177
10154
23013
1293
6401
151987
10370
2697
3693
4783
5768
7049
3429
9936
8501
79602
23637
10752
23158
7357
5569
10036
23423
5806
57129
51465
1806
3684
5346
9173
7702
51341
1549
23062
54898
4891
27346
8938
9844
10659
64405
5803
23113
55888
50804
1435
10291
10409
4037
5127
5045
5167
6319
23277
11247
8809
4886
4486
5916
6041
5792
10479
1936
7277
6573
4803
928
5982
57463
53371
51669
116159
51264
57596
80119
9205
54187
58528
65263
9277
135112
55056
63906
9450
28985
4316
51225
4901
58493
64840
51297
8850
25871
79661
56475
2169
114783
55300
55217
84056
55553
60494
55034
83539
57823
23704
85480
93349
79760
79411
55520
170463
1469
24149
2140
3097
27199
55843
5212
79366
2803
116931
51477
161582
23367
6477
56062
54885
23164
55915
85003
84792
29074
22803
55693
317762
11120
79446
51321
5500
64328
83444
7101
6886
57165
3046
57480
29063
54866
55785
57018
83990
79786
147372
8890
64149
7079
10157
56978
80305
79666
28955
7844
56245
7094
55252
79370
6581
80021
124454
9830
91523
4066
10699
6314
7850
57578
100288413
1674
7871
11160
23130
54754
79892
23247
26993
29929
6468
6838
5342
11258
9840
90
55686
23786
56914
63899
9481
29997
5834
83985
11316
10865
9531
4134
27439
9987
912
81557
10627
57559
10821
54064
10765
57805
90120
4830
1735
56997
4547
57650
83715
11122
60526
2591
25973
55799
54929
54545
114883
10147
7292
55182
9818
10016
1522
7529
29843
5125
55775
23005
60485
55054
55707
6452
5074
54863
23515
8914
114770
64771
80204
9687
57464
81857
11124
8315
56897
60492
79070
81786
27332
79698
11166
4323
27063
902
51118
4008
55150
226
64342
55777
8904
9200
1723
246213
9282
84306
64077
116369
54551
286128
115650
639
57689
1556
342184
84826
140947
55711
3221
55201
64105
55165
4619
3514
51621
55345
79825
23205
1012
57648
51406
114822
660
79091
9204
2625
9141
23743
79857
8111
51605
6645
23479
84033
57104
79879
50628
7107
23529
23595
346528
79929
23376
135114
55601
54681
10388
6527
10179
909
27
51298
7110
116986
56129
79656
92922
9862
54097
8507
55103
92595
2013
7531
1890
90993
2302
11012
5260
971
27429
1828
9973
79933
2898
6187
1153
1829
3241
81894
79671
64344
56892
23626
9247
7093
84856
11096
114786
6860
85397
23242
84128
5015
56121
92949
59272
6582
9622
26580
26249
57642
51203
25803
11092
55139
113622
27153
116328
55890
118430
84290
54344
6610
98
56946
64410
50507
22894
9381
2922
91662
55966
4940
79648
57115
79675
112755
54478
51586
114801
55144
8499
25770
54937
6448
57094
139231
79974
54538
51059
8654
57471
144453
142689
23312
8989
64783
8926
80760
84969
2239
55872
117248
27012
9376
29942
2975
63982
79574
23368
114788
119710
142683
27433
55065
10542
5427
93210
105
79175
84465
3159
54827
57458
84542
81610
84449
79838
64232
25939
8110
56344
56980
5076
3218
3858
27010
5471
6010
55112
10636
10481
11185
11022
81794
54436
79703
9489
1418
92235
51302
27094
51168
84787
5873
3145
2555
60467
55257
161253
79899
57535
221120
79921
6455
471
7226
9725
239
7465
26047
6457
3777
9700
3606
79171
23107
1610
4051
1297
2487
643
5024
6142
8667
2495
22875
9214
25900
84229
56906
152078
84654
79983
6102
84079
2318
10344
114792
85478
54101
5885
51733
58505
112812
6875
1826
10219
3788
84735
113179
84249
117156
55351
338382
284697
55653
55032
25914
81792
57586
23012
785
51207
84073
80758
171425
8370
9956
54707
27019
6295
56474
492
79645
79822
23101
51259
56993
3817
25909
7047
114795
55247
116841
64506
92346
27315
80144
8343
83932
26548
23424
9630
10172
6019
115362
55317
79759
23440
84645
8427
51281
6487
6615
58485
84561
79748
116412
5929
54813
26229
79819
29999
3736
30820
55036
728695
100132911
55374
84812
23223
1
55572
10308
79133
148022
22871
4807
55577
64708
54468
53349
374868
54456
4184
4185
27283
84698
54988
10514
25890
10142
29101
25774
55094
65267
27093
58524
26751
79816
54455
140850
5361
23090
22861
84080
2355
1767
128653
79829
56654
57630
10446
83887
80726
80835
582
112869
57574
54800
64859
8195
57455
1351
91664
84875
135656
51307
64184
93107
23769
55689
27238
22999
84878
23138
26154
55701
9290
51557
55539
51194
79954
9392
54981
25763
55630
79680
83869
63920
7314
57407
129684
3770
5631
5634
771
1880
719
5600
2660
6736
6476
654
4794
8563
8988
10215
4109
11069
10690
1104
1434
6472
328
7341
1555
4713
4151
6119
51020
3068
522
5097
9689
292
7846
4953
1503
4831
708
8662
1964
26271
285
22881
4321
80328
10376
56666
4282
7150
5515
22978
4881
2983
4882
2977
6713
8727
7851
50855
23616
11184
7443
6207
8225
699
2622
1327
55157
100506243
90050
9464
83666
29102
1587
79741
79701
89886
54089
55187
83894
10329
25894
64800
6847
440193
8701
55281
55423
84071
55531
4908
6898
25934
51319
126433
7310
54810
51191
83463
80310
283
79750
58480
8153
53353
57608
23358
25841
64407
23414
84451
79135
83888
3773
996
27304
11201
26272
27033
56934
3216
51018
11321
11149
22834
63934
2070
79696
64799
64170
83999
9752
81543
63943
26240
11240
9156
55212
51266
55844
54836
57654
163732
26517
51555
55035
50801
645687
24147
81839
6013
116983
23491
5441
55236
8500
55223
94056
91056
170959
29123
54434
84263
80864
80223
64895
85019
54850
5523
57108
79707
57560
55083
57492
80324
9827
50808
4750
30816
2197
51427
26505
140688
54986
64518
57573
51138
7771
59277
158399
125950
121665
54768
55075
55681
5827
51339
6708
84225
54363
57501
64288
57731
344454
89832
123720
163486
81890
54763
2893
51209
3855
3875
3861
1832
1813
3856
7431
3854
5320
6430
6304
4605
6357
3676
219
6403
608
4735
5596
3552
114798
81618
58489
23094
64960
79837
51421
79097
79098
64922
6801
56521
57602
79622
23207
79886
54840
55015
54998
84464
84749
64100
1730
64802
57786
200576
79012
8553
80341
64397
81930
56929
8516
55119
1627
4692
6576
8544
4055
1673
1299
649
218
6737
5742
2015
6556
6274
5883
8736
2621
5211
7220
1636
11018
5871
8220
439
8814
4686
5153
9123
23539
4053
8140
6558
6511
8714
7504
9619
6579
1811
6542
6583
8349
3014
27288
85236
8334
3006
8340
8970
3015
3012
8337
3005
3010
8208
3024
4060
5819
5054
54541
4915
11065
79022
10500
7922
6729
3628
6004
922
2994
2329
10403
4695
6694
26998
22977
7287
11318
654817
8676
23022
221981
3767
6565
2888
8614
23418
1036
846
116179
27190
51284
54534
29881
8755
50652
84103
84996
2218
259232
9856
55283
92129
26050
84332
10143
64111
81889
152573
55703
26297
84277
9162
53632
55808
3061
3381
1789
55511
55061
51285
1008
56606
29887
11173
115572
23026
81567
79600
58538
830
54785
57205
81285
22864
65109
8498
1747
26074
26258
10677
53904
8673
56100
55076
3195
55776
57161
6406
80022
115827
64856
28968
57683
140809
65251
10635
3745
3196
23416
55129
4613
5028
57152
55147
10501
10090
117245
225689
27092
5310
7071
3988
214
23165
9632
58487
10748
84248
3930
10926
5584
3125
4976
25896
27161
117289
79101
54991
80145
5781
134429
54888
8763
54555
336
160760
85403
64782
55527
57162
3204
1397
80311
84210
664
9451
84541
57223
6018
55206
9919
4772
113263
23369
85479
51272
9093
8732
79751
51762
29761
8394
80198
55000
6451
54956
9611
5813
29974
64426
1841
4522
4833
51727
1266
8543
1281
1290
1306
301
7058
51035
6659
2619
5947
467
3491
2012
784
2632
5701
6366
3710
8572
123
1545
196
6307
23531
6629
10643
891
5425
983
2305
8836
8754
6241
7965
9221
23246
9989
2077
5635
10552
5092
1785
6182
6738
6117
11332
3028
6895
1462
6642
7867
2877
3029
189
440
1466
5805
5279
9933
8204
3898
1119
873
5439
10810
4802
490
104
7570
7283
5836
987
9112
22916
1311
2146
1429
997
1839
7096
6431
6678
59
5998
9812
10960
7162
641
6574
10609
5050
728113
2806
2653
5210
8569
8379
6288
1490
5376
3956
9735
11073
9833
10808
5214
10063
5349
4435
3315
1611
3030
10436
9784
10447
6284
7001
3422
9931
22827
5867
6829
5213
1994
10963
7059
6721
4255
5663
4140
6249
22796
8991
6388
80347
1991
10202
4311
4359
2268
1117
6286
933
9572
7410
4208
2525
10633
4939
1952
10716
4521
4826
794
755
1742
5624
945
1187
2529
9771
7143
9695
23649
1947
60312
1489
6405
2800
4604
9650
2624
921
6870
3804
5026
4283
633
320
2145
8148
4643
8178
91
3172
1381
284
5105
4128
3953
10610
8618
7545
6909
6317
10692
866
5053
433
1400
1124
4974
5800
1949
10485
2543
4602
4329
1776
1551
1137
2690
1815
3269
5995
3213
7369
2028
2641
1062
266
2814
51350
270
8858
7068
210
27098
4618
7074
9970
1087
4317
5134
358
4638
11031
1009
4052
5352
5999
6376
116138
6947
7104
3156
1380
5138
1814
286
23644
5797
9154
638
9322
1718
1961
10024
22822
7060
3382
3270
6953
1539
2909
4520
30851
5822
11333
2035
5025
9159
5175
2316
8795
977
11343
2237
22974
1033
3654
7374
7027
55699
4005
4332
5799
1063
5984
3704
2644
8192
6320
10105
22809
5983
2209
27242
4064
6300
444
3148
10721
259266
6790
113115
202333
10592
71
993
8444
6518
9648
2876
2
84671
11331
2963
4097
2672
1995
54847
10783
9236
29015
8536
23139
83903
3309
4241
54892
1020
11216
2118
8611
90522
150572
1854
1845
6929
5475
55093
23420
65260
51108
10951
4678
9869
8971
7994
1615
2193
8560
9911
23417
64072
51611
142940
9950
10528
94236
64718
10398
1960
2022
1264
6764
2869
4057
4143
22932
1667
3362
6509
3084
6916
1356
2350
1135
7421
1821
6373
2191
1791
5588
9993
6271
2139
399979
10140
3142
8558
6499
655
2326
4644
4157
7507
8738
1659
3215
5393
2566
2741
2742
1193
6569
6559
7416
2558
929
2628
23102
3554
8788
7070
2281
5329
5528
4856
6005
5708
23518
9343
8131
4082
4814
1152
6134
8034
7764
54512
96626
116842
550
10336
26973
22998
89122
23530
57544
79087
23741
51312
25932
79007
85366
79805
4641
56990
5203
9895
55074
5725
6747
11059
23098
58
55004
26994
64359
3021
57545
7064
4690
5740
241
3248
240
8644
246
247
9536
1277
1896
224
1294
5629
26239
5351
2171
6591
4071
1645
858
1848
857
5796
667
6279
3691
6280
2919
23650
5266
760
154
2564
1592
57451
10655
9073
3038
2194
5655
7980
3963
8891
51129
84302
9388
81706
25818
112609
83853
90293
1825
84002
1437
908
7411
4043
5480
3838
2280
3301
3336
10130
10954
3329
11014
6746
22926
10945
3507
1291
5325
8490
28831
57122
7739
84334
54973
79026
84304
55841
63974
9946
5545
563
4656
1800
5209
2769
5023
8284
4842
10682
6529
6531
6557
9194
6528
79784
90678
26165
6590
5764
302
7356
10406
1992
307
259
727
3698
710
721
718
3053
5345
2646
7076
5611
5176
334
10653
308
5271
5269
1472
5037
1474
1471
9962
5713
725
2006
410
54879
64943
6879
1407
57409
51773
10062
55003
11194
80853
8351
23144
55041
90338
84649
79742
3633
92591
54537
23480
3231
4744
9053
7014
3149
9760
6348
604
8870
28951
9645
8408
5996
4118
3925
9235
3055
942
773
9636
8804
915
914
3111
4502
6375
597
6003
79626
6651
1047
54581
10734
57379
10170
64759
55824
1840
25938
7564
57507
7295
79754
55338
6653
605
11035
57181
57139
89857
5577
23117
3762
2648
57620
1850
1846
728
2357
150
136
10454
1278
4837
6398
10631
1593
1230
2886
6504
3959
6648
5396
10162
5004
4496
3902
481
5479
968
9780
23646
1969
911
7140
786
84220
7128
388
6446
1396
7037
3117
4171
991
7153
11335
10949
1786
7329
27338
2745
1043
10204
1201
949
4354
6845
1983
8942
9679
4938
3669
3437
684
9308
694
5902
2995
7351
10959
7913
10120
22821
8451
6482
262
1801
10419
57326
4758
3482
1650
5680
5832
10278
6422
2669
2517
4023
2180
10395
64116
9332
9455
383
2051
3627
6356
6039
2069
4069
51056
64218
64747
11345
8876
114569
114294
54674
58472
57674
55179
79657
92369
55191
2849
90379
54566
80856
9684
54784
51497
80306
55026
51201
54852
246175
57569
26049
2760
5522
4189
7091
83637
10991
6519
3485
8839
3486
3489
5654
3490
3488
6354
3077
6368
6781
6358
7021
6935
12
9145
10979
3985
2730
6222
6161
9806
9517
5096
3430
901
6283
8613
1052
6193
6137
3113
1749
2071
3304
2620
114769
9325
9746
2258
58488
83719
5379
55260
1154
28982
1174
80199
58477
8022
79719
9394
55691
79269
9704
3964
23225
146562
10459
84224
63971
84299
5334
79365
84914
8216
4645
11101
57488
64374
3234
23234
25937
2638
23334
8243
5446
6727
9474
11133
65258
10525
2872
2307
8301
57661
6720
79077
90139
23509
22929
11117
2173
2744
1580
9787
3833
9254
10529
10163
6695
9889
9928
1268
10451
79733
55355
29899
55789
79801
63939
57146
5618
5413
51478
55568
7594
7179
10265
8702
56896
55893
10382
7253
81577
29091
1122
56143
55770
84687
51514
89848
57415
55166
81931
151742
57707
2177
79716
85315
60598
2781
10293
135228
54627
55472
55344
114826
10432
54839
64236
56853
51134
80179
55578
55811
25827
84612
25924
57168
79682
9994
55758
54112
81793
84623
56133
23252
84940
54437
59352
84833
79723
55769
23213
57611
57721
84436
79714
8745
63035
55617
27123
113829
152007
120224
30837
5147
92689
79823
91419
8541
84343
4868
55033
148213
8789
20
80060
28981
10518
57045
5784
26502
57697
10214
146198
25839
79637
644903
29078
50618
89874
95681
79986
5365
114821
26230
55244
1768
112840
22876
94025
79134
57685
90701
79640
11036
51074
7561
26233
113189
9369
55788
83483
25917
79635
55066
57210
353132
9901
64417
55733
78988
170680
85438
125170
27068
23382
168507
50506
117581
55296
10014
116143
55183
91272
157378
85458
79913
55028
89765
54876
54826
114907
1404
84222
4168
59348
27077
54797
114984
56649
22943
4336
23177
5100
131450
64855
25901
389662
10099
81855
23180
9415
57211
23512
9354
9690
4925
4756
3291
7802
5019
7433
4691
2038
3972
9588
10714
9262
25906
10276
10309
8908
24146
83886
8720
11157
9068
23065
53844
55299
9603
64231
8916
9798
53343
283450
5067
117177
55742
57476
117247
9100
9882
51105
80218
27445
2987
2597
11274
23087
115548
4820
11174
115330
4326
118980
9842
51550
23198
84795
54209
10318
6334
11153
23383
90987
54872
3237
9712
84268
56943
28977
55671
29118
84282
545
134430
55105
9789
10402
11273
7738
6840
5950
701
8685
3249
2290
9705
4717
366
2267
25903
29906
27254
3982
9716
80829
28998
23359
51265
84502
4439
27185
84365
23461
80821
56916
6337
2568
1140
2562
40
1142
2567
2569
1141
2563
204
514
521
9551
506
1653
6662
2623
2547
7520
1974
1108
6924
8899
9416
9534
1662
10724
7486
10155
348
3949
338
335
8542
7804
7436
1071
10948
51360
27295
9232
90634
9874
5533
6204
7388
55599
9736
92579
63897
10077
4601
120
26191
11279
55636
5934
85464
55135
92610
84897
1657
3206
113510
56261
23536
79998
5921
25842
9066
64098
91544
22836
79586
23129
6990
5756
2589
23250
9601
100506658
6670
64746
593
133619
58525
3157
6726
4012
7873
9804
1326
10134
5501
754
10175
51128
10972
51449
2739
51094
81034
6856
60481
29766
55971
80146
51430
159
58497
57474
51026
51527
55248
57169
23451
10678
55610
163
10313
54407
23385
84918
5870
55728
84064
3416
30849
23216
54841
2217
347
489
4697
5716
10923
9871
1891
7386
5360
51768
5052
9738
192286
51282
93974
677
64951
51227
5537
90416
51313
54675
819
64779
55764
84059
58486
5884
2861
51162
7105
55814
387032
83877
26071
155465
29966
2052
124
1672
221
5553
2053
6037
8993
820
671
222
127
1670
1669
3347
3906
6819
8875
8972
8564
566
7466
7045
2200
1410
3983
5783
2202
9021
1606
23770
5590
1301
5341
357
1827
10461
6011
5961
10497
5587
4653
5774
9610
3932
9402
2009
5957
5029
1261
1259
24139
5664
8419
7288
25794
2241
7399
8573
6121
8526
2780
8651
6247
8825
1421
8777
5288
6461
7439
5576
1415
9411
3617
2162
211
25797
10249
1376
3032
2678
10
10449
9
92086
6303
1374
1743
38
53
94
3126
25915
6647
10347
2819
3151
84303
84300
54069
51441
55631
26224
8021
800
4035
2195
7123
11135
23645
57493
7249
790
2799
23647
2004
5224
9230
7090
4324
9605
10938
3636
1938
6626
3208
9091
4162
23397
9703
9810
11252
1509
79869
29927
89
6464
3984
6242
6625
83933
83878
7551
112752
23648
23262
64787
27327
23339
80019
23203
80724
4191
81669
23201
65999
8525
80153
51564
22839
57644
22884
54978
8078
6397
9894
8994
11021
85302
29801
55343
80381
2873
9647
284058
57662
26256
29882
6311
54487
22883
10629
3614
84804
55090
140458
10897
4929
969
1345
9805
23224
84807
91526
286530
81606
4026
80228
8906
64897
51429
84679
6359
1139
3371
3678
3695
961
3690
3680
3694
3682
1810
6120
51247
57532
51193
2060
80008
10116
65991
80124
22
51198
22858
56912
57534
50615
8939
80152
5684
6152
8467
25992
58516
55068
4294
79912
29990
81553
7767
6657
11130
6948
33
51187
1160
2041
26031
1523
84417
5150
1736
5046
6197
55757
2553
8847
8013
3620
1203
2395
10924
6623
9788
22907
7263
6470
6141
51490
85446
93492
7390
79830
55313
2683
7248
7626
50509
1497
142684
2972
55957
23287
51678
26085
10773
3916
57508
10263
23048
6652
368
7299
5021
4942
6869
314
871
3300
11140
821
10694
2288
10131
10576
6902
475
5478
6515
3934
5473
7350
1646
6017
5348
2705
23209
2902
2206
2899
8514
3748
1181
3753
1188
3759
9312
41
3768
8645
6262
2892
6553
3760
1185
4172
4175
9401
7517
5889
5890
8668
3257
131566
2516
5793
6632
2332
3643
5164
51450
8892
10548
51763
7391
10385
3052
3991
100507436
1968
9550
81671
10691
9324
7360
221037
55644
54732
22950
51534
94101
79960
64778
56271
51249
85476
55052
51503
79970
7358
6342
10555
3295
1573
2348
2352
57657
1975
9902
51377
5464
7705
9984
6818
55204
92906
90780
10717
55170
7290
85439
10428
268
8293
92259
3047
94241
11085
79679
65268
9101
54454
2175
84309
27132
83746
9456
79169
3164
2130
23640
50717
5094
8683
55082
79596
2073
9584
2971
79612
115106
8428
9258
3426
540
717
399
3727
6523
10345
26099
3337
6731
84298
57231
79868
79075
1513
4599
5476
1159
7124
337
3543
29903
2650
10234
4246
5136
7182
8357
114034
5126
406
55786
6282
10950
3212
9487
5754
5913
1051
4117
10562
8710
5593
114884
54947
130951
64127
3652
1761
55815
83473
63935
135295
79058
26287
79649
8372
9213
51390
168433
50488
3758
84467
58512
64693
80714
202
79800
79842
23671
55840
55621
10666
54939
9033
59342
23271
84264
4501
55779
5130
427
2879
5322
3074
6609
3073
5660
2583
21
1632
10269
1859
6183
1965
1514
3043
55353
6834
7106
6878
6383
5434
53917
50848
84331
23625
23268
79990
1209
7917
89891
55362
55658
4924
51073
6799
80271
9546
6305
26589
51255
80194
9616
58490
22879
84672
130940
25807
1797
9972
7112
7514
3310
84153
60487
64318
9120
7276
2026
3099
3939
2023
1113
6854
1114
4852
2695
4922
885
5179
1443
3623
1081
1082
5368
3624
796
7200
5539
6370
5443
140876
4869
11224
2556
1066
13
344
1178
7941
8399
590
5444
165
1369
9296
529
1368
3373
4668
3687
213
2542
360
1942
6868
10536
8309
7915
5051
10418
4345
3119
26001
54
4070
8416
10561
7177
81035
5570
29994
57224
85409
1244
23025
79659
80896
55512
90019
60370
84937
85027
54829
1353
6338
85028
64755
440026
27037
64425
2214
11025
350
3958
10288
2205
2208
10866
4261
7098
6236
8406
1644
341
4680
10103
1999
9071
6462
5122
56848
3321
325
3081
3050
8506
3115
58475
1577
3787
2153
1305
25927
4153
56616
55638
83694
80304
79931
6624
64094
84107
63827
56603
51110
51548
6157
84076
4832
4221
2643
1666
26140
5585
53916
6203
80325
26999
23218
26017
22870
84447
50809
126308
11132
55125
79968
57217
7052
874
4629
8522
3832
1838
9751
6804
9762
11004
5414
4281
9493
10121
904
3798
3831
3092
2572
43
9793
11127
943
5089
1053
3386
171558
25956
665
57095
84557
7565
5447
84307
79896
51271
57190
79820
348995
327
121512
57664
54546
81027
9737
7991
4495
5199
26173
79887
351
312
2287
9044
79918
65986
83737
51175
64375
55270
27198
3054
51117
57649
3434
290
23075
3553
1847
2123
1031
2706
1390
64092
9047
55588
79812
952
57761
53947
84668
8227
10964
6580
6098
3822
9971
64319
84460
64283
10984
1406
9968
147872
79884
100133941
8224
10999
5140
64225
54553
2966
9031
5196
5651
58504
64123
2729
10993
4739
8974
5034
8985
10512
3078
4016
2331
89927
1000
27253
4585
1652
3556
10463
25907
2161
1370
4982
174
1111
2627
8354
6795
27348
80004
1420
150000
25825
147744
10068
9315
55901
9678
55366
206358
140612
83866
91661
91300
55892
27180
23279
55110
57589
25788
54832
23265
60674
28978
83478
6167
6155
3945
275
4129
5364
7364
3547
445
115701
990
55073
138948
100132341
26134
89849
10809
57636
57186
128178
84809
84939
9191
5657
974
4923
6442
5837
28954
7038
10750
8200
54626
5359
10135
2992
2167
7335
3783
6484
825
9587
56255
3920
476
4350
10383
5549
9107
84191
27243
9528
23433
51635
6821
8417
23150
51084
26175
83596
23294
89781
25793
10006
22856
23429
126792
10165
143
2720
7168
9260
23338
2043
11013
10057
10847
7461
1945
2047
965
6925
23028
7784
9016
653067
6399
149951
57519
26013
221491
4548
9655
54491
55323
51451
55332
29116
8481
23176
8226
26504
51639
55930
79364
10217
57460
23635
1102
26586
6783
80323
57718
55237
126567
81602
688
6480
7032
4935
3201
2796
1656
8509
8808
6059
432
683
1307
5652
9355
4291
1798
1594
10952
51300
80176
5770
57655
4047
5971
23676
84981
5771
4879
84641
79258
23184
8797
8639
7056
116988
63027
80824
64215
3263
4360
3960
249
7097
10537
54657
9832
11063
7368
8867
9276
960
5782
2805
288
727897
8482
920
5557
4701
6208
26986
3183
2593
3665
6392
51096
27166
55272
3267
3150
27335
463
23308
54760
4594
52
83852
7024
55741
9631
26523
83758
7756
26168
57794
80024
51025
9526
8027
11164
29079
84811
51569
51031
10600
666
79848
57222
4733
10489
64151
55646
55735
140685
9776
3664
11099
1807
51053
9238
83667
730
732
140
3002
6275
51311
9056
200315
11027
11026
50856
29992
1520
10261
55819
7127
5538
3101
2219
978
10875
9935
23406
54504
4671
1843
51363
7086
27163
9592
391
55625
4215
11337
10437
9997
114548
3957
1200
7538
822
9314
353514
23643
6813
6386
54210
168544
7321
8743
64581
571
51734
65220
7408
53829
55744
22928
10987
1175
9917
9643
7009
9377
79053
8896
10430
10857
5714
10490
51606
10540
5868
7381
6637
5437
5887
7979
11079
4738
381
2029
79017
5693
5692
1059
5690
2108
1173
29895
10330
23549
2764
5510
5704
5573
5700
7317
8813
5524
9470
81605
10664
84364
9166
6166
11100
8930
7073
7555
9167
8161
1155
10899
103
5018
6185
9168
4627
55854
10311
832
533
57515
3188
22794
1727
51493
4676
23568
10902
29855
6903
7316
10438
6613
2067
5230
23517
539
6742
7398
6426
28973
10615
4236
3161
10726
9184
6490
9538
22948
3184
51690
5905
9212
7203
25814
7307
25804
57819
8894
27095
4190
5886
8761
4515
7332
7417
10574
6009
10598
513
1176
8655
8125
26121
5928
10541
65005
1716
10856
6051
7284
23193
5438
10992
6418
11269
6917
26574
50814
6749
1460
47
8175
6389
6390
7278
10971
498
3181
10907
79036
3182
5162
8574
10250
3033
3475
6627
10067
4898
10434
26156
6635
3313
10128
10456
6723
8260
5695
54107
9158
6741
27316
4723
23039
7818
7384
1537
10935
6510
4725
4176
4724
9791
4722
4720
5518
4174
5496
4709
9768
5591
518
9883
8883
1635
6950
11315
2091
7884
1329
2339
9785
6184
5499
5685
30
1729
1350
8724
5300
5689
1340
689
3420
9948
1211
162
23295
392
2580
1982
7534
8733
6612
8943
5110
6150
10474
9045
3094
4673
4904
8664
3646
9555
8665
3178
1973
6206
6156
6129
114908
6125
4736
6194
468
6144
8073
10399
10969
8295
6434
11219
22934
10946
10151
1981
55651
8449
3308
22913
10922
537
527
79095
1337
9524
6748
9733
27258
4116
8872
1738
9559
1349
9794
8697
4729
81688
1213
4719
3796
11222
10146
9801
8263
10480
3418
2990
377
9391
4296
55308
9061
6633
10422
8666
9797
7322
7385
51668
2079
1207
10651
4528
10565
25898
10645
23483
2107
90411
4849
10285
8106
9777
9375
57017
889
10985
310
51367
10476
142
10557
5936
4706
30968
6728
8480
10572
8663
5531
826
7528
5683
11047
509
54623
64963
8992
8675
1917
10284
6049
5706
5705
5702
8880
115939
5715
1022
81893
5436
4707
283971
10531
1347
6396
8636
2734
8446
57862
23190
1315
6810
372
8881
5236
283970
10360
2923
10195
260294
57418
25948
26100
4698
25941
6520
9656
5481
8270
4728
7013
23623
5597
55312
5917
488
5520
9585
4967
3692
10038
6601
1874
23344
10102
6597
9686
10534
6522
2224
10549
9698
55186
10904
1861
10198
8539
10412
5786
8893
4809
2746
5691
9092
9275
196441
11171
5876
6139
6173
6143
6138
6175
6176
6135
6136
6223
6217
6218
6628
6205
4637
1933
8407
6230
6232
6234
4946
6235
6128
6133
6132
6122
6124
6224
6228
1915
6147
6202
6201
6188
6189
293
6191
1072
6210
6169
6160
6164
60
6158
6159
9349
23521
51582
7280
5226
5223
9556
811
7167
22980
5869
823
81
5315
2821
27044
56005
9612
5707
10227
7272
10301
9295
8036
8874
4299
84869
171023
53635
6611
10559
51573
378
8508
10799
2631
4711
3611
29
10302
6809
10591
26608
97
25813
25875
10181
166
7155
140465
191
483
57050
10452
114932
10049
27246
9552
7494
2647
9188
60496
112714
92342
9114
5686
23513
9554
8559
8273
25847
25978
4683
9897
1622
5373
26003
5810
57215
7841
4726
266655
22992
2548
9870
23167
2907
7171
11054
6722
8527
25983
23160
309
6165
5428
5687
6636
23063
5717
7311
8087
34
2010
3921
2874
6687
3187
6130
10556
5511
1314
5431
5298
7726
6227
3240
3080
6999
10877
4018
319
10247
3242
6822
2158
731
2538
10720
229
130
2266
2244
2328
8630
3083
1558
722
1373
173
1576
126
125
55937
3290
1579
2996
6622
10098
5498
212
51327
9086
54498
6521
23762
682
2235
114625
63893
27102
6006
51218
10107
4860
23305
4778
5606
6007
220972
645
3049
80344
57610
81620
55143
55723
9133
10112
10772
3185
11168
9055
83461
24137
29127
10051
4498
146909
56992
51659
55388
3948
81570
50613
79025
56311
51087
5161
3598
56
9576
10881
10880
57110
23288
374977
80316
51364
83464
81616
8277
51686
6954
11055
26150
54558
83445
26330
83446
5619
79018
51533
5232
9918
11339
79019
10988
8533
54433
9837
1719
5919
10840
26007
7448
53841
2184
84619
3155
2159
435
10400
27232
27141
51181
57817
1757
10864
3483
733
10998
1892
51268
2584
55908
8824
10841
8608
28959
5005
55365
3026
3250
653808
51318
11340
29081
54927
10762
6432
1196
8241
23244
8409
60528
51362
63901
55629
79009
51654
64427
5721
29080
80135
54851
22890
8661
6421
11052
51637
11198
10797
26354
3792
3045
9562
1510
759
55544
63891
79023
10213
81887
55055
23475
5313
2109
27249
2926
51371
6535
9702
23658
22823
23412
55255
517
23450
9557
54948
54470
10465
23481
8602
3070
5424
51347
10171
11328
7837
11167
813
1292
4017
26064
1289
9945
55256
10535
2203
8547
51691
29964
5688
51389
6168
51182
6171
93487
6170
5719
9013
253725
51646
55696
29072
55173
10286
10199
6209
51082
9512
25873
80155
23076
55695
55718
54934
51121
5710
51504
56984
6631
23370
54490
1468
58510
123876
4216
80349
847
9958
54556
79591
5204
63933
2515
64180
201134
8382
113177
81626
55282
54752
10693
25888
27120
11086
54514
1440
2921
11015
7130
57214
58498
8557
7134
4607
70
1346
291
4624
51778
7137
27231
27129
6123
2274
23560
9330
6154
27000
51650
51491
29088
29093
80025
56888
4015
57333
81892
23029
81608
55768
51575
10058
55589
7125
4632
6588
2027
58529
7135
844
1604
11259
23345
23194
1675
4192
6038
216
1809
5118
11067
7791
10457
713
23089
1601
5168
3679
8910
3708
2354
6414
2059
501
11098
10272
4094
3502
2878
316
11325
3487
5552
25878
4921
2192
4237
23495
9697
23166
1363
7169
83988
10974
3339
6035
6525
50486
64061
26137
1628
26471
6649
5157
6604
9590
3667
5327
9452
716
7485
22795
5339
4239
23024
10404
25800
7148
79888
23015
72
8854
23335
11030
23641
10611
1465
10982
65057
25802
9770
4000
10184
23452
7205
26053
5872
8728
6595
4059
10379
10133
25833
25976
29970
11145
5101
10266
6663
1528
951
7262
9353
23179
8653
22885
6696
2114
2199
7122
535
9639
5445
51706
398
10252
9246
3512
2065
5860
4741
1748
7089
2030
8190
6285
57060
4199
57863
9374
23336
81542
390
994
4232
7371
7057
2896
1075
6780
10769
10544
10468
705
26872
8907
27339
284119
10493
5954
1280
11072
3297
5878
2222
10484
7083
9454
445815
9040
39
56270
5358
4704
9582
23191
6675
8624
7803
2314
2615
6362
4900
2633
7010
4072
9052
2920
1755
3397
5265
11326
4582
51208
11309
3730
1668
11197
10551
10232
6439
1366
6440
7080
27074
3383
4689
11272
2215
4430
9961
8418
5287
6237
9404
1364
7033
4477
5304
7546
9368
5918
9023
8612
973
1048
8857
7031
131
6691
79734
1365
3306
7348
27347
1362
10626
9203
3993
27237
23170
6495
3131
780
3784
23284
434
6759
1478
5746
23657
4298
5966
5530
9841
81875
26286
8115
157
9465
29774
8793
11261
9542
8468
79173
5617
55756
8554
90355
56288
2815
27065
5003
2330
3236
23404
5603
51412
3298
51230
57228
4103
5858
9147
63928
5077
1946
10124
4828
11190
242
1161
27101
5825
8781
5184
5723
6309
1525
25805
79572
10553
64976
27341
6364
7251
10588
8332
51382
10190
178
2961
1875
57149
9607
7108
50649
7425
10368
1298
22905
5121
11041
4062
26040
9783
63941
322
8484
8470
6447
9651
9478
5078
5142
25977
321
131408
10245
10656
4524
9399
4303
24148
6585
10608
6712
10472
23466
793
4858
8869
745
6752
2185
8549
5362
3706
53335
274
8722
6450
5129
55218
9781
27289
1325
4665
2670
607
10947
81544
1014
9256
9001
1534
2039
9459
9764
6586
29901
27240
8787
27287
57405
1118
5166
26103
6533
9084
11083
5143
3752
495
1511
3034
1300
4146
954
9469
7349
4861
8348
31
8794
23546
9400
7498
9048
1770
9294
90203
27076
3732
6545
23111
55823
1802
84747
4061
56681
29799
7957
6231
129080
65018
2903
9242
4234
1045
6572
1773
9753
2272
22845
79629
5328
84164
11338
7881
26112
10298
1562
5277
9657
22985
80003
930
6001
4353
8698
23157
9881
9080
6894
5790
399687
91137
9792
3720
3087
3613
10550
8677
23532
6329
146
23151
56998
2101
4864
22904
8884
4793
8318
4102
26036
5831
10874
4101
91304
9466
56951
2673
6734
51454
3626
10920
9940
10965
26002
10919
5546
7050
4795
9104
22837
5095
9060
6711
4885
81888
23171
3202
4124
5047
55567
5972
2168
2220
4485
2875
10221
1893
124565
10654
10295
4056
27301
10462
5002
10878
3818
5833
3549
10211
8642
5091
36
2182
9934
3805
5724
8843
5794
1269
4986
939
117
11006
6192
6876
3400
9674
970
6361
5598
4050
10158
634
6196
7345
27109
8577
5763
6906
9537
1512
24
7132
948
7004
6919
5940
412
5272
4784
9472
3846
9057
5453
3632
2526
640
3887
10524
4122
4635
5217
7084
3104
2166
7016
5452
23428
80301
11187
2701
7022
23199
26056
7005
10043
4700
10871
2925
152789
9311
26093
10590
3780
152
58495
8940
7412
3394
28523
9909
6672
2634
4033
10990
8631
23228
93664
8638
11010
116985
23031
1318
715
9510
4681
23038
27122
4267
26298
56937
79870
25891
283120
83716
1303
83700
3671
79713
55384
1901
3399
10970
3776
23410
1265
25925
29995
51334
1687
84779
30014
23677
2257
6297
9244
2912
1803
10002
2588
3211
84720
23600
23286
10267
6928
8771
25828
8775
5863
10139
4919
3625
9077
3642
5649
9823
8404
51083
25849
1016
4351
10042
6594
9807
9667
51097
11057
1039
10300
23174
1234
729230
8519
10581
10410
967
80833
115207
3040
2512
8741
11248
6505
8742
3127
4973
2040
51338
55301
83706
140596
51177
64115
56833
30061
51316
714
972
9476
58191
51393
30835
11223
51629
80183
84418
54625
54507
5866
55684
8483
30008
8460
4500
50937
1116
22874
84179
25799
11319
26257
10814
8496
1734
9743
9533
10966
5195
8705
10435
25809
4319
5990
78987
10257
23779
8835
10040
2843
22900
23086
10917
2063
7572
9816
55324
7306
54093
4240
95
5357
1519
3631
5607
10239
9658
7984
1959
116987
2863
8492
5465
1271
3977
4988
6355
9398
3589
326
181
6346
5697
2637
8740
5458
2674
3749
4224
5020
2520
27299
5173
6571
5207
2021
8303
379
6367
2306
9333
4322
4113
2160
9696
57172
9509
116372
795
10332
1393
7225
11341
4626
1515
7365
22901
8082
6911
116832
2629
765
27165
186
8398
2018
9334
7782
84830
5017
4438
5988
4760
4958
126393
5063
8601
169522
627
4222
10539
11061
10216
54677
65012
5991
1446
50853
215
9708
9313
6794
9407
9389
10317
4685
2537
27333
90806
4112
9586
11131
10254
6871
5506
3223
4314
2570
53942
2494
27290
1581
6014
10421
1138
81621
6756
3973
9219
54788
25855
3821
5079
6344
8076
1015
54578
6296
3772
1237
4887
4352
941
680
1378
5163
443
931
5896
11009
4049
2078
3605
910
594
6716
1359
3816
23639
22915
6512
5375
23460
4250
3067
10281
54739
22797
57119
750
23434
8092
1004
30848
10941
2982
631
8647
4010
932
8336
50852
6539
720
10411
85235
3364
3857
27284
4985
94009
10879
10863
6671
90141
7975
9623
8288
27314
4654
6674
8767
3933
8174
3048
9749
7367
797
1638
25850
56171
651
838
2626
8969
171586
9082
2165
1591
29760
22865
1258
3199
7274
4621
10003
27134
695
10622
2074
6514
3375
5244
4907
51109
5188
51760
3995
9130
9620
6988
51042
429
10084
5450
10127
2762
3017
10389
81565
4640
8531
8535
1316
55635
5355
824
23189
7414
1787
6646
26010
5621
84230
23603
30844
2131
79971
27036
79745
8936
7320
8266
11068
4714
4716
4696
7113
151
2812
4883
2676
558
3696
576
5737
9437
7293
2204
4036
10936
10268
9283
4163
2811
1128
5718
9775
10670
10381
1984
3069
9877
10569
6638
8731
8802
11097
5862
37
2582
3417
223
50
11181
1585
10975
2110
2230
712
1191
9547
966
5008
24138
4084
1131
10538
586
2157
975
9180
2050
2049
51530
1894
83543
51155
84722
29028
11270
90417
54443
57381
83879
83695
10460
83540
113130
2116
55771
51330
54557
23306
29097
80258
84844
57673
11264
27156
10744
4999
11200
27089
4712
3764
1184
2675
6335
4969
58494
887
9076
6277
5739
7832
4065
54962
55471
59286
54469
170958
1603
9380
9553
2286
103910
51079
51065
84061
3840
6407
219927
23016
7114
55011
84270
79081
83640
84666
1822
56180
84292
25824
6259
400
9229
1948
2752
2256
8744
64081
1312
10327
6415
5066
9540
231
6697
653509
8778
23468
1432
2969
4211
7936
6787
6733
7678
5435
6908
5433
8819
3981
55806
2976
7639
10248
3209
7543
2960
5426
3835
7695
7289
7026
11051
9513
4086
8089
10483
2346
7511
2359
79624
51123
55859
29058
23582
23392
26098
192666
7165
83443
29952
28974
51398
84661
54206
51002
27086
9851
246126
84329
55072
137970
79858
55024
54464
64395
80818
56479
26509
55088
7404
84166
55582
57624
87178
3672
79692
80006
57565
81575
23178
1788
9957
9564
4811
1830
4045
5610
23099
9819
5555
3622
8462
6617
8193
3174
4205
9139
2120
5451
1106
9682
8848
6492
9496
5626
2911
187
9183
7019
9015
1018
1233
4142
85004
91683
7227
79170
3169
80700
26996
4646
4488
79730
4121
57461
79083
54843
124540
25837
28984
91181
57282
3110
55016
60468
80111
84824
84888
10196
1240
115350
57419
25759
79368
92241
91543
90313
165904
57489
1241
2151
85441
92104
26051
90550
56164
2592
726
54961
1040
64757
64101
4752
81539
55540
93145
8405
217
35
84839
63915
30817
55848
2188
80231
23347
23243
10004
11169
7862
5350
4659
11034
2317
8511
9709
64083
55647
57209
171546
55437
9741
56994
64087
6888
10901
4734
7145
23670
83943
10166
26061
83636
85378
51293
2273
1808
10290
10371
50846
4808
859
8128
23581
5516
1371
644
653
7291
579
2134
767
114784
83714
65975
51501
27085
64847
84283
5613
93
1454
6788
7444
6891
3098
4144
5189
23552
8837
4779
9352
9094
11060
10396
6865
2798
2774
54801
1491
549
8682
6885
85444
7515
148229
84950
117196
9361
5256
2936
141
4504
55876
6478
57795
7352
65264
51642
6445
3141
29980
51154
63926
51702
5369
79925
7840
55532
10509
84725
116511
26167
6547
54894
26022
26353
84962
24141
56667
5738
55286
10891
3171
54751
92840
145282
79774
83733
84771
2817
84327
10580
55466
63898
83942
84883
54075
54658
57111
55184
10178
23316
55687
766
1774
5090
5824
30812
93986
78989
54619
80072
11275
11093
54856
54332
55796
478
55536
26024
9668
113000
22937
56953
54828
84250
80307
64949
65094
79159
7625
84288
728039
10150
23523
64221
3987
10351
3834
29916
8436
6709
79073
4597
384
6993
6272
58484
5116
83890
54845
84900
25930
2696
51066
10228
54474
29106
64768
6863
2779
9124
59351
400500
100507056
101805488
6714
100126794
50514
79651
100682395
100271687
100505994
100271693
450093
50970
5519
285282
79728
7834
619402
118425
408260
100188834
100750225
103164619
101867536
100188867
100188809
104472713
728606
347747
100505495
100188868
408259
100188789
100188769
9566
79052
114568
100302522
